-2.81758	0.00304386	0.463253	1.8	0
-2.82404	0.00283934	0.403093	1.8	0.01
-2.83174	0.00286832	0.411364	1.8	0.02
-2.83215	0.00270547	0.365977	1.8	0.03
-2.84413	0.0043558	0.948651	1.8	0.04
-2.84776	0.00315433	0.497491	1.8	0.05
-2.83327	0.00249049	0.310128	1.8	0.06
-2.84199	0.00237818	0.282787	1.8	0.07
-2.87406	0.00271593	0.368815	1.8	0.08
-2.86116	0.00241313	0.291161	1.8	0.09
-2.86627	0.00234023	0.273835	1.8	0.1
-2.86084	0.00234429	0.274785	1.8	0.11
-2.86179	0.00222588	0.247728	1.8	0.12
-2.866	0.00229008	0.262224	1.8	0.13
-2.87315	0.00250625	0.314064	1.8	0.14
-2.86537	0.00212621	0.226039	1.8	0.15
-2.87569	0.00249921	0.312303	1.8	0.16
-2.86823	0.00201816	0.203649	1.8	0.17
-2.88132	0.00226972	0.257582	1.8	0.18
-2.87478	0.00206009	0.212199	1.8	0.19
-2.87208	0.00190596	0.181635	1.8	0.2
-2.88968	0.00266919	0.356229	1.8	0.21
-2.88224	0.00192318	0.184931	1.8	0.22
-2.88203	0.00223254	0.249212	1.8	0.23
-2.88789	0.00195723	0.191538	1.8	0.24
-2.88698	0.00188333	0.177346	1.8	0.25
-2.89651	0.00789124	3.11358	1.8	0.26
-2.8826	0.00190176	0.180834	1.8	0.27
-2.88232	0.00188372	0.177419	1.8	0.28
-2.88674	0.00193992	0.188164	1.8	0.29
-2.88278	0.00189977	0.180457	1.8	0.3
-2.88998	0.00202513	0.205057	1.8	0.31
-2.89801	0.00197564	0.195158	1.8	0.32
-2.88544	0.001952	0.190516	1.8	0.33
-2.8791	0.00182076	0.165758	1.8	0.34
-2.89467	0.00188888	0.178394	1.8	0.35
-2.88229	0.0017682	0.156327	1.8	0.36
-2.87862	0.00171114	0.1464	1.8	0.37
-2.88795	0.0017889	0.160008	1.8	0.38
-2.89209	0.00188417	0.177505	1.8	0.39
-2.89058	0.00175402	0.15383	1.8	0.4
-2.90166	0.00196809	0.193669	1.8	0.41
-2.88931	0.0018723	0.175276	1.8	0.42
-2.88796	0.00216939	0.235313	1.8	0.43
-2.88123	0.00176575	0.155893	1.8	0.44
-2.89314	0.0018703	0.174901	1.8	0.45
-2.89393	0.00183248	0.167899	1.8	0.46
-2.88453	0.00174792	0.152761	1.8	0.47
-2.89699	0.00392012	0.768368	1.8	0.48
-2.89125	0.00179984	0.161972	1.8	0.49
-2.88812	0.00184995	0.171116	1.8	0.5
-2.88643	0.00202671	0.205377	1.8	0.51
-2.89402	0.00183298	0.167991	1.8	0.52
-2.88089	0.00171649	0.147317	1.8	0.53
-2.88454	0.0017395	0.151292	1.8	0.54
-2.88114	0.0019841	0.196832	1.8	0.55
-2.88696	0.0017214	0.148162	1.8	0.56
-2.88882	0.00212592	0.225976	1.8	0.57
-2.8965	0.00189966	0.180436	1.8	0.58
-2.88693	0.00172194	0.148254	1.8	0.59
-2.82123	0.00300536	0.451611	1.81	0
-2.82261	0.00279813	0.391476	1.81	0.01
-2.83339	0.00272133	0.370281	1.81	0.02
-2.83522	0.00274073	0.37558	1.81	0.03
-2.83318	0.00253371	0.320985	1.81	0.04
-2.84539	0.00257455	0.331414	1.81	0.05
-2.84715	0.00250891	0.314732	1.81	0.06
-2.84171	0.00240402	0.288966	1.81	0.07
-2.8665	0.00254092	0.322815	1.81	0.08
-2.8503	0.00225301	0.253803	1.81	0.09
-2.86527	0.00230257	0.265091	1.81	0.1
-2.87197	0.00237713	0.282538	1.81	0.11
-2.87229	0.00221422	0.245137	1.81	0.12
-2.87595	0.0022222	0.246909	1.81	0.13
-2.87223	0.00211038	0.222685	1.81	0.14
-2.87481	0.00210035	0.220574	1.81	0.15
-2.87137	0.00205617	0.211393	1.81	0.16
-2.8713	0.00194518	0.189186	1.81	0.17
-2.87978	0.00212741	0.226294	1.81	0.18
-2.88264	0.00193582	0.18737	1.81	0.19
-2.8767	0.00197529	0.195088	1.81	0.2
-2.87597	0.00188497	0.177656	1.81	0.21
-2.88924	0.00203792	0.207657	1.81	0.22
-2.88885	0.00254666	0.324274	1.81	0.23
-2.89069	0.00201819	0.203654	1.81	0.24
-2.88104	0.00183425	0.168223	1.81	0.25
-2.88757	0.00208576	0.217519	1.81	0.26
-2.89278	0.00187513	0.175805	1.81	0.27
-2.89966	0.00205711	0.211585	1.81	0.28
-2.89063	0.00199102	0.198207	1.81	0.29
-2.88498	0.00189543	0.179632	1.81	0.3
-2.88874	0.00178683	0.159637	1.81	0.31
-2.88017	0.001752	0.153476	1.81	0.32
-2.8993	0.00183803	0.168917	1.81	0.33
-2.89025	0.00201595	0.203204	1.81	0.34
-2.90947	0.00390086	0.760834	1.81	0.35
-2.89305	0.00197723	0.195471	1.81	0.36
-2.89048	0.00169909	0.144345	1.81	0.37
-2.89173	0.00176142	0.15513	1.81	0.38
-2.89132	0.00185965	0.172914	1.81	0.39
-2.89246	0.00175553	0.154094	1.81	0.4
-2.88093	0.00168237	0.141519	1.81	0.41
-2.8932	0.00185792	0.172593	1.81	0.42
-2.89187	0.00194536	0.189222	1.81	0.43
-2.88647	0.00179671	0.161408	1.81	0.44
-2.88715	0.00158927	0.12629	1.81	0.45
-2.90632	0.00238347	0.284046	1.81	0.46
-2.89045	0.00177258	0.157103	1.81	0.47
-2.88815	0.00168096	0.141281	1.81	0.48
-2.88584	0.00178223	0.158817	1.81	0.49
-2.88894	0.00166638	0.13884	1.81	0.5
-2.88945	0.00177803	0.158069	1.81	0.51
-2.89114	0.00163586	0.133801	1.81	0.52
-2.89071	0.00180317	0.162571	1.81	0.53
-2.88641	0.00166893	0.139267	1.81	0.54
-2.88047	0.00166568	0.138725	1.81	0.55
-2.89091	0.0026621	0.354339	1.81	0.56
-2.88832	0.00323634	0.523694	1.81	0.57
-2.88209	0.00184526	0.17025	1.81	0.58
-2.89672	0.00187219	0.175255	1.81	0.59
-2.81875	0.00283959	0.403162	1.82	0
-2.80019	0.00271158	0.367633	1.82	0.01
-2.82963	0.00276096	0.381144	1.82	0.02
-2.83255	0.00252547	0.3189	1.82	0.03
-2.84403	0.00259529	0.336776	1.82	0.04
-2.83646	0.00241644	0.29196	1.82	0.05
-2.85139	0.002447	0.29939	1.82	0.06
-2.8646	0.00250555	0.313888	1.82	0.07
-2.86145	0.00262744	0.345171	1.82	0.08
-2.86933	0.00233998	0.273774	1.82	0.09
-2.87184	0.00234694	0.275406	1.82	0.1
-2.86285	0.00209811	0.220103	1.82	0.11
-2.86658	0.00214366	0.229765	1.82	0.12
-2.87263	0.00235557	0.277435	1.82	0.13
-2.8623	0.00203491	0.207043	1.82	0.14
-2.87728	0.00199624	0.199249	1.82	0.15
-2.88372	0.00220515	0.243134	1.82	0.16
-2.88001	0.00201956	0.203932	1.82	0.17
-2.87641	0.00201122	0.20225	1.82	0.18
-2.88671	0.00202174	0.204371	1.82	0.19
-2.89096	0.00316456	0.500722	1.82	0.2
-2.88607	0.00202538	0.205107	1.82	0.21
-2.879	0.00189824	0.180166	1.82	0.22
-2.88068	0.00199456	0.198913	1.82	0.23
-2.89174	0.00191109	0.182614	1.82	0.24
-2.88396	0.00223152	0.248983	1.82	0.25
-2.88923	0.00171397	0.146885	1.82	0.26
-2.88759	0.00177525	0.157576	1.82	0.27
-2.88618	0.00211254	0.223142	1.82	0.28
-2.88848	0.00182625	0.166759	1.82	0.29
-2.88426	0.00195509	0.19112	1.82	0.3
-2.89384	0.00186812	0.174493	1.82	0.31
-2.89654	0.00186132	0.173225	1.82	0.32
-2.89395	0.00177963	0.158355	1.82	0.33
-2.88561	0.00164401	0.135139	1.82	0.34
-2.88597	0.00164264	0.134913	1.82	0.35
-2.89272	0.00179085	0.160357	1.82	0.36
-2.90708	0.00233849	0.273427	1.82	0.37
-2.88475	0.00156737	0.122832	1.82	0.38
-2.88073	0.00151324	0.114495	1.82	0.39
-2.89407	0.00173136	0.14988	1.82	0.4
-2.89515	0.00186085	0.173137	1.82	0.41
-2.8895	0.00169588	0.143801	1.82	0.42
-2.88952	0.00218283	0.238237	1.82	0.43
-2.89163	0.00163044	0.132917	1.82	0.44
-2.8946	0.00172889	0.149453	1.82	0.45
-2.89189	0.00168716	0.142326	1.82	0.46
-2.89512	0.00161792	0.130883	1.82	0.47
-2.8882	0.00158458	0.125545	1.82	0.48
-2.8918	0.00167858	0.140881	1.82	0.49
-2.88959	0.00209384	0.219208	1.82	0.5
-2.88242	0.00166682	0.138914	1.82	0.51
-2.88613	0.00167226	0.139823	1.82	0.52
-2.88816	0.00162125	0.131423	1.82	0.53
-2.89393	0.00180308	0.162555	1.82	0.54
-2.89079	0.00163733	0.134042	1.82	0.55
-2.88497	0.00161437	0.13031	1.82	0.56
-2.89023	0.00165695	0.137273	1.82	0.57
-2.88682	0.00182463	0.166464	1.82	0.58
-2.88599	0.00180727	0.163312	1.82	0.59
-2.81309	0.00271843	0.369492	1.83	0
-2.81968	0.00268414	0.360229	1.83	0.01
-2.81459	0.00256338	0.328546	1.83	0.02
-2.84098	0.00264809	0.35062	1.83	0.03
-2.82796	0.0023677	0.2803	1.83	0.04
-2.85056	0.00237052	0.280968	1.83	0.05
-2.86373	0.00240333	0.288799	1.83	0.06
-2.85853	0.00226856	0.257317	1.83	0.07
-2.8478	0.0021637	0.234079	1.83	0.08
-2.86906	0.00226132	0.255679	1.83	0.09
-2.86991	0.00216472	0.234301	1.83	0.1
-2.86647	0.00229648	0.263691	1.83	0.11
-2.86599	0.00203835	0.207744	1.83	0.12
-2.87128	0.00215636	0.232495	1.83	0.13
-2.86818	0.00196625	0.193307	1.83	0.14
-2.88692	0.00257441	0.331379	1.83	0.15
-2.89313	0.00276031	0.380965	1.83	0.16
-2.88876	0.00218475	0.238657	1.83	0.17
-2.87855	0.00197461	0.194954	1.83	0.18
-2.8879	0.00201876	0.203769	1.83	0.19
-2.88586	0.00186737	0.174354	1.83	0.2
-2.88798	0.0018185	0.165347	1.83	0.21
-2.87773	0.00173565	0.150623	1.83	0.22
-2.88498	0.00187227	0.175269	1.83	0.23
-2.88853	0.00187025	0.174891	1.83	0.24
-2.88999	0.00194343	0.188847	1.83	0.25
-2.88644	0.00189278	0.179131	1.83	0.26
-2.88041	0.0015874	0.125993	1.83	0.27
-2.888	0.00266388	0.354812	1.83	0.28
-2.89051	0.00180348	0.162627	1.83	0.29
-2.89752	0.00225829	0.254993	1.83	0.3
-2.88887	0.00183787	0.168888	1.83	0.31
-2.88607	0.00163126	0.13305	1.83	0.32
-2.89999	0.00202429	0.204888	1.83	0.33
-2.89001	0.00166689	0.138926	1.83	0.34
-2.88023	0.00153343	0.11757	1.83	0.35
-2.89176	0.00167106	0.139621	1.83	0.36
-2.89231	0.00169323	0.143351	1.83	0.37
-2.89252	0.00176865	0.156407	1.83	0.38
-2.88229	0.00154102	0.118736	1.83	0.39
-2.88445	0.00158732	0.12598	1.83	0.4
-2.88583	0.00161911	0.131076	1.83	0.41
-2.89302	0.0017795	0.15833	1.83	0.42
-2.88651	0.00168944	0.14271	1.83	0.43
-2.88243	0.00159741	0.127586	1.83	0.44
-2.89177	0.00163451	0.133581	1.83	0.45
-2.89033	0.0016357	0.133776	1.83	0.46
-2.88425	0.00162884	0.132657	1.83	0.47
-2.8863	0.00163069	0.132957	1.83	0.48
-2.88716	0.00159632	0.127411	1.83	0.49
-2.8913	0.00210763	0.222106	1.83	0.5
-2.88895	0.0016789	0.140935	1.83	0.51
-2.887	0.00172475	0.148739	1.83	0.52
-2.88763	0.00162255	0.131633	1.83	0.53
-2.8958	0.00164436	0.135195	1.83	0.54
-2.88944	0.00168486	0.141938	1.83	0.55
-2.8932	0.00176382	0.155553	1.83	0.56
-2.90009	0.00196375	0.192815	1.83	0.57
-2.88454	0.0016161	0.130588	1.83	0.58
-2.88946	0.00163591	0.13381	1.83	0.59
-2.81229	0.00263779	0.347897	1.84	0
-2.82257	0.00265624	0.352779	1.84	0.01
-2.80835	0.00241029	0.290474	1.84	0.02
-2.84941	0.00250983	0.314962	1.84	0.03
-2.84537	0.00234736	0.275505	1.84	0.04
-2.84545	0.00233572	0.272779	1.84	0.05
-2.86523	0.00244919	0.299925	1.84	0.06
-2.8527	0.00223242	0.249186	1.84	0.07
-2.86211	0.00216194	0.233699	1.84	0.08
-2.86883	0.00220772	0.243701	1.84	0.09
-2.86984	0.0021522	0.231598	1.84	0.1
-2.87721	0.00216615	0.234611	1.84	0.11
-2.87464	0.00207954	0.216223	1.84	0.12
-2.88187	0.00321443	0.516628	1.84	0.13
-2.88959	0.00207022	0.214292	1.84	0.14
-2.87654	0.00200006	0.200012	1.84	0.15
-2.87859	0.00212991	0.226827	1.84	0.16
-2.88137	0.00196841	0.193731	1.84	0.17
-2.88235	0.00194354	0.188867	1.84	0.18
-2.87766	0.00186942	0.174736	1.84	0.19
-2.89283	0.00186565	0.174032	1.84	0.2
-2.89855	0.00193944	0.188071	1.84	0.21
-2.89009	0.00200436	0.200872	1.84	0.22
-2.89146	0.00190508	0.181467	1.84	0.23
-2.88087	0.00172324	0.148478	1.84	0.24
-2.8895	0.00172168	0.148208	1.84	0.25
-2.89246	0.00164088	0.134624	1.84	0.26
-2.89048	0.00186028	0.173032	1.84	0.27
-2.8971	0.00217908	0.237421	1.84	0.28
-2.88804	0.0016022	0.128352	1.84	0.29
-2.8859	0.00150654	0.113484	1.84	0.3
-2.88747	0.00154592	0.119493	1.84	0.31
-2.88781	0.00153079	0.117166	1.84	0.32
-2.89188	0.00167544	0.140355	1.84	0.33
-2.88704	0.00199855	0.19971	1.84	0.34
-2.88801	0.00160562	0.128901	1.84	0.35
-2.88522	0.00153664	0.118064	1.84	0.36
-2.89086	0.00161111	0.129784	1.84	0.37
-2.89382	0.00162537	0.132091	1.84	0.38
-2.89183	0.00167257	0.139875	1.84	0.39
-2.8869	0.00160083	0.128133	1.84	0.4
-2.88766	0.00160676	0.129084	1.84	0.41
-2.89005	0.00146332	0.107065	1.84	0.42
-2.88196	0.00144809	0.104848	1.84	0.43
-2.88951	0.00151272	0.114416	1.84	0.44
-2.89229	0.00155332	0.12064	1.84	0.45
-2.87746	0.00144556	0.104483	1.84	0.46
-2.89505	0.00197218	0.194474	1.84	0.47
-2.88826	0.00190817	0.182055	1.84	0.48
-2.88981	0.00156456	0.122392	1.84	0.49
-2.88513	0.00149309	0.111466	1.84	0.5
-2.88138	0.00144524	0.104436	1.84	0.51
-2.88699	0.00163332	0.133387	1.84	0.52
-2.89229	0.00161572	0.130528	1.84	0.53
-2.88311	0.00158961	0.126343	1.84	0.54
-2.88323	0.00146771	0.107709	1.84	0.55
-2.88921	0.00158694	0.125919	1.84	0.56
-2.88475	0.00160636	0.12902	1.84	0.57
-2.88558	0.00179052	0.160299	1.84	0.58
-2.88514	0.00158704	0.125935	1.84	0.59
-2.81531	0.00259996	0.33799	1.85	0
-2.80904	0.00250107	0.312768	1.85	0.01
-2.8181	0.00241228	0.290954	1.85	0.02
-2.84309	0.00248578	0.308955	1.85	0.03
-2.84745	0.00237074	0.281021	1.85	0.04
-2.85598	0.00231308	0.267517	1.85	0.05
-2.85552	0.00220836	0.243842	1.85	0.06
-2.84852	0.00216009	0.233299	1.85	0.07
-2.85665	0.00226273	0.255998	1.85	0.08
-2.85636	0.00200561	0.201124	1.85	0.09
-2.87403	0.00209244	0.218915	1.85	0.1
-2.88269	0.00208211	0.21676	1.85	0.11
-2.89088	0.00248794	0.309491	1.85	0.12
-2.87935	0.00194535	0.18922	1.85	0.13
-2.87841	0.00186362	0.173653	1.85	0.14
-2.88084	0.00210214	0.220949	1.85	0.15
-2.88121	0.00191161	0.182713	1.85	0.16
-2.87916	0.00173744	0.150934	1.85	0.17
-2.8931	0.00228717	0.261558	1.85	0.18
-2.89542	0.00183271	0.167942	1.85	0.19
-2.88164	0.00166375	0.138404	1.85	0.2
-2.88694	0.00170003	0.144505	1.85	0.21
-2.87922	0.00164155	0.134735	1.85	0.22
-2.89336	0.00184065	0.1694	1.85	0.23
-2.89655	0.00178536	0.159376	1.85	0.24
-2.88192	0.00154443	0.119262	1.85	0.25
-2.89108	0.00164956	0.136052	1.85	0.26
-2.88557	0.00151645	0.114981	1.85	0.27
-2.88529	0.00172874	0.149428	1.85	0.28
-2.88682	0.00161232	0.129979	1.85	0.29
-2.89405	0.00176124	0.155098	1.85	0.3
-2.89429	0.00179665	0.161397	1.85	0.31
-2.88766	0.00154664	0.119605	1.85	0.32
-2.89415	0.00181192	0.164154	1.85	0.33
-2.89206	0.00153222	0.117384	1.85	0.34
-2.88982	0.00167966	0.141064	1.85	0.35
-2.89289	0.00174697	0.152595	1.85	0.36
-2.88712	0.00195173	0.190462	1.85	0.37
-2.89162	0.00158004	0.124827	1.85	0.38
-2.89082	0.0015377	0.118226	1.85	0.39
-2.88946	0.00148174	0.109778	1.85	0.4
-2.88971	0.00173354	0.150258	1.85	0.41
-2.8976	0.00163257	0.133264	1.85	0.42
-2.88914	0.00142095	0.100955	1.85	0.43
-2.88394	0.00139531	0.0973438	1.85	0.44
-2.89043	0.00143318	0.1027	1.85	0.45
-2.8861	0.00152229	0.115868	1.85	0.46
-2.88338	0.00144938	0.105036	1.85	0.47
-2.89233	0.00150705	0.113561	1.85	0.48
-2.88377	0.00144195	0.103961	1.85	0.49
-2.8872	0.00154949	0.120046	1.85	0.5
-2.88513	0.00149649	0.111974	1.85	0.51
-2.89093	0.00166227	0.138157	1.85	0.52
-2.89708	0.00148387	0.110094	1.85	0.53
-2.88125	0.00134472	0.0904135	1.85	0.54
-2.88288	0.00177951	0.158333	1.85	0.55
-2.888	0.00148573	0.110369	1.85	0.56
-2.89393	0.0015602	0.121711	1.85	0.57
-2.88147	0.00144521	0.104432	1.85	0.58
-2.8926	0.00141056	0.0994844	1.85	0.59
-2.81887	0.00255133	0.325464	1.86	0
-2.82237	0.00255103	0.325387	1.86	0.01
-2.85708	0.00254467	0.323768	1.86	0.02
-2.84947	0.00242269	0.29347	1.86	0.03
-2.86842	0.00227948	0.2598	1.86	0.04
-2.84997	0.00226406	0.256298	1.86	0.05
-2.86348	0.00351283	0.617	1.86	0.06
-2.86898	0.00212149	0.225035	1.86	0.07
-2.86176	0.00214131	0.22926	1.86	0.08
-2.88068	0.00213044	0.226938	1.86	0.09
-2.87538	0.00210296	0.221122	1.86	0.1
-2.87085	0.00197877	0.195776	1.86	0.11
-2.87531	0.00205693	0.211548	1.86	0.12
-2.87426	0.00183623	0.168586	1.86	0.13
-2.88402	0.00214536	0.23013	1.86	0.14
-2.8772	0.00185228	0.171547	1.86	0.15
-2.87675	0.00175385	0.1538	1.86	0.16
-2.88122	0.00184381	0.169981	1.86	0.17
-2.88023	0.00171166	0.14649	1.86	0.18
-2.88779	0.00178696	0.159662	1.86	0.19
-2.89013	0.00170677	0.145652	1.86	0.2
-2.88566	0.00165089	0.136272	1.86	0.21
-2.88865	0.00176681	0.156081	1.86	0.22
-2.89847	0.00189756	0.180037	1.86	0.23
-2.88673	0.00155567	0.121006	1.86	0.24
-2.889	0.00170401	0.145182	1.86	0.25
-2.88914	0.00201191	0.202388	1.86	0.26
-2.89525	0.00159793	0.127668	1.86	0.27
-2.89066	0.00169056	0.1429	1.86	0.28
-2.88688	0.00156283	0.122121	1.86	0.29
-2.89533	0.00196908	0.193863	1.86	0.3
-2.89187	0.00151561	0.114854	1.86	0.31
-2.8887	0.00149374	0.111563	1.86	0.32
-2.88592	0.00151966	0.115469	1.86	0.33
-2.89008	0.0015473	0.119707	1.86	0.34
-2.89348	0.00150784	0.113679	1.86	0.35
-2.88709	0.00151332	0.114506	1.86	0.36
-2.8966	0.00162872	0.132636	1.86	0.37
-2.89084	0.00149414	0.111622	1.86	0.38
-2.89084	0.00145233	0.105463	1.86	0.39
-2.88963	0.00256244	0.328304	1.86	0.4
-2.88239	0.00137217	0.0941425	1.86	0.41
-2.89412	0.00163833	0.134207	1.86	0.42
-2.88873	0.00137318	0.0942817	1.86	0.43
-2.88021	0.0013544	0.0917201	1.86	0.44
-2.88171	0.00144525	0.104438	1.86	0.45
-2.89643	0.00155305	0.120598	1.86	0.46
-2.88993	0.00141893	0.100668	1.86	0.47
-2.89277	0.0017618	0.155197	1.86	0.48
-2.89075	0.00171313	0.146741	1.86	0.49
-2.8918	0.00141682	0.10037	1.86	0.5
-2.89334	0.00145818	0.106315	1.86	0.51
-2.88031	0.00141858	0.100619	1.86	0.52
-2.8837	0.00136799	0.0935692	1.86	0.53
-2.88963	0.00141497	0.100107	1.86	0.54
-2.891	0.00138477	0.09588	1.86	0.55
-2.88003	0.00144959	0.105066	1.86	0.56
-2.88079	0.0015045	0.113176	1.86	0.57
-2.88079	0.00139636	0.0974917	1.86	0.58
-2.88106	0.00146199	0.106871	1.86	0.59
-2.84157	0.00260171	0.338444	1.87	0
-2.8515	0.00249497	0.311243	1.87	0.01
-2.83531	0.00239811	0.287547	1.87	0.02
-2.84084	0.00232186	0.269551	1.87	0.03
-2.84695	0.00230501	0.265653	1.87	0.04
-2.85985	0.00228763	0.261662	1.87	0.05
-2.85304	0.0021004	0.220584	1.87	0.06
-2.87951	0.00220855	0.243885	1.87	0.07
-2.86357	0.00198582	0.197174	1.87	0.08
-2.87961	0.001984	0.196814	1.87	0.09
-2.87488	0.00195977	0.192035	1.87	0.1
-2.88693	0.00201685	0.203384	1.87	0.11
-2.87119	0.00182421	0.166387	1.87	0.12
-2.8855	0.0018679	0.174452	1.87	0.13
-2.89115	0.0018774	0.176232	1.87	0.14
-2.88082	0.00183224	0.167856	1.87	0.15
-2.88963	0.00182305	0.166176	1.87	0.16
-2.88763	0.00173167	0.149934	1.87	0.17
-2.89002	0.00181433	0.16459	1.87	0.18
-2.89138	0.00166599	0.138776	1.87	0.19
-2.88936	0.00188169	0.177039	1.87	0.2
-2.88959	0.00162471	0.131984	1.87	0.21
-2.88803	0.00223229	0.249157	1.87	0.22
-2.88814	0.00158013	0.12484	1.87	0.23
-2.89085	0.00158771	0.126042	1.87	0.24
-2.89417	0.00150284	0.112927	1.87	0.25
-2.88375	0.00148902	0.110858	1.87	0.26
-2.9009	0.0018369	0.168711	1.87	0.27
-2.88762	0.00151806	0.115225	1.87	0.28
-2.89228	0.00152897	0.116887	1.87	0.29
-2.8876	0.00142096	0.100956	1.87	0.3
-2.8933	0.001455	0.105852	1.87	0.31
-2.88436	0.00148529	0.110304	1.87	0.32
-2.89076	0.00150052	0.112578	1.87	0.33
-2.89061	0.00144194	0.103959	1.87	0.34
-2.88832	0.0013306	0.0885249	1.87	0.35
-2.89192	0.00143597	0.1031	1.87	0.36
-2.89223	0.00138305	0.0956414	1.87	0.37
-2.88907	0.00146322	0.10705	1.87	0.38
-2.89056	0.00145236	0.105468	1.87	0.39
-2.89167	0.00145991	0.106567	1.87	0.4
-2.88784	0.00178696	0.159661	1.87	0.41
-2.88327	0.00131226	0.0861012	1.87	0.42
-2.88157	0.00135154	0.0913324	1.87	0.43
-2.88629	0.00153672	0.118076	1.87	0.44
-2.89139	0.00159558	0.127294	1.87	0.45
-2.88654	0.00133678	0.0893487	1.87	0.46
-2.88465	0.00160207	0.128331	1.87	0.47
-2.88622	0.00188999	0.178602	1.87	0.48
-2.88216	0.00132282	0.0874924	1.87	0.49
-2.87776	0.00135955	0.0924194	1.87	0.5
-2.8852	0.00132584	0.0878924	1.87	0.51
-2.89038	0.00140506	0.0987099	1.87	0.52
-2.87564	0.0012721	0.0809116	1.87	0.53
-2.89113	0.00156967	0.123194	1.87	0.54
-2.88837	0.00137483	0.0945081	1.87	0.55
-2.88841	0.00138389	0.0957577	1.87	0.56
-2.87898	0.00147692	0.109065	1.87	0.57
-2.87757	0.00140463	0.0986496	1.87	0.58
-2.87987	0.00140676	0.0989486	1.87	0.59
-2.8303	0.0025093	0.314829	1.88	0
-2.84014	0.00246763	0.304459	1.88	0.01
-2.83929	0.00236034	0.27856	1.88	0.02
-2.84519	0.00244582	0.299101	1.88	0.03
-2.84464	0.00218732	0.239219	1.88	0.04
-2.85716	0.00220802	0.243768	1.88	0.05
-2.86489	0.00214492	0.230035	1.88	0.06
-2.86749	0.00202578	0.205189	1.88	0.07
-2.86564	0.00207881	0.216072	1.88	0.08
-2.87721	0.00195077	0.190276	1.88	0.09
-2.87375	0.00192766	0.185793	1.88	0.1
-2.87118	0.00182766	0.167017	1.88	0.11
-2.87372	0.00183437	0.168246	1.88	0.12
-2.88265	0.00179965	0.161938	1.88	0.13
-2.88562	0.00183046	0.167529	1.88	0.14
-2.8803	0.00168777	0.142429	1.88	0.15
-2.88462	0.00170323	0.14505	1.88	0.16
-2.88713	0.00166177	0.138074	1.88	0.17
-2.87785	0.0015271	0.116601	1.88	0.18
-2.88248	0.00161771	0.130849	1.88	0.19
-2.88464	0.00152034	0.115572	1.88	0.2
-2.87891	0.00147956	0.109455	1.88	0.21
-2.88855	0.00153153	0.117279	1.88	0.22
-2.89214	0.00159036	0.126462	1.88	0.23
-2.88303	0.00150564	0.113347	1.88	0.24
-2.88788	0.00154409	0.11921	1.88	0.25
-2.88188	0.00142093	0.100953	1.88	0.26
-2.8862	0.00152252	0.115903	1.88	0.27
-2.89257	0.00178704	0.159676	1.88	0.28
-2.8843	0.00135881	0.0923184	1.88	0.29
-2.88507	0.00141067	0.0994998	1.88	0.3
-2.89452	0.00260598	0.339556	1.88	0.31
-2.89322	0.00152579	0.116402	1.88	0.32
-2.89818	0.00140588	0.0988252	1.88	0.33
-2.88495	0.00135951	0.092413	1.88	0.34
-2.8882	0.00132236	0.0874318	1.88	0.35
-2.88505	0.00132263	0.087468	1.88	0.36
-2.89304	0.00145094	0.105261	1.88	0.37
-2.88839	0.00132021	0.0871483	1.88	0.38
-2.88023	0.0012881	0.0829603	1.88	0.39
-2.89374	0.00140435	0.0986095	1.88	0.4
-2.88746	0.00135454	0.0917387	1.88	0.41
-2.89264	0.00148637	0.110464	1.88	0.42
-2.89065	0.00125365	0.0785817	1.88	0.43
-2.88302	0.00131701	0.0867254	1.88	0.44
-2.88932	0.00138796	0.0963214	1.88	0.45
-2.8874	0.00133517	0.0891334	1.88	0.46
-2.87736	0.00130595	0.0852749	1.88	0.47
-2.89105	0.00137809	0.0949561	1.88	0.48
-2.88855	0.00133542	0.0891677	1.88	0.49
-2.88375	0.00134697	0.0907163	1.88	0.5
-2.88133	0.00126551	0.0800761	1.88	0.51
-2.88371	0.0013462	0.0906124	1.88	0.52
-2.88109	0.00128987	0.0831882	1.88	0.53
-2.87559	0.00128647	0.0827503	1.88	0.54
-2.87772	0.00121212	0.0734615	1.88	0.55
-2.87597	0.0013571	0.0920862	1.88	0.56
-2.88078	0.00146163	0.106817	1.88	0.57
-2.87938	0.00144703	0.104695	1.88	0.58
-2.88346	0.0013623	0.0927931	1.88	0.59
-2.82048	0.00245891	0.302313	1.89	0
-2.84427	0.00237714	0.282541	1.89	0.01
-2.83965	0.002449	0.29988	1.89	0.02
-2.86787	0.00231042	0.266902	1.89	0.03
-2.85911	0.00219305	0.240474	1.89	0.04
-2.86006	0.0020814	0.216612	1.89	0.05
-2.87408	0.0022678	0.257145	1.89	0.06
-2.88097	0.00201824	0.203664	1.89	0.07
-2.87574	0.00196803	0.193656	1.89	0.08
-2.88114	0.00200721	0.201444	1.89	0.09
-2.8771	0.0018345	0.16827	1.89	0.1
-2.87311	0.00177167	0.156941	1.89	0.11
-2.89098	0.0019064	0.181718	1.89	0.12
-2.88171	0.00177701	0.157888	1.89	0.13
-2.88377	0.00187779	0.176305	1.89	0.14
-2.88326	0.00164076	0.134605	1.89	0.15
-2.89027	0.00188113	0.176933	1.89	0.16
-2.88404	0.0015863	0.125818	1.89	0.17
-2.88396	0.00155823	0.121405	1.89	0.18
-2.8813	0.0015792	0.124693	1.89	0.19
-2.88826	0.00156309	0.122163	1.89	0.2
-2.89012	0.00146895	0.107891	1.89	0.21
-2.88284	0.00150979	0.113973	1.89	0.22
-2.88283	0.00153318	0.117532	1.89	0.23
-2.89402	0.00147359	0.108573	1.89	0.24
-2.88708	0.00138671	0.0961488	1.89	0.25
-2.87996	0.00135217	0.0914176	1.89	0.26
-2.89142	0.00145427	0.105745	1.89	0.27
-2.89132	0.00136538	0.0932137	1.89	0.28
-2.88394	0.00135894	0.0923358	1.89	0.29
-2.89066	0.00137133	0.0940269	1.89	0.3
-2.88559	0.00134366	0.0902717	1.89	0.31
-2.89041	0.00138867	0.0964198	1.89	0.32
-2.88922	0.00137941	0.0951379	1.89	0.33
-2.88875	0.00142635	0.101724	1.89	0.34
-2.88588	0.00131716	0.0867449	1.89	0.35
-2.89122	0.00140008	0.0980118	1.89	0.36
-2.88438	0.00129954	0.08444	1.89	0.37
-2.88748	0.00129288	0.083577	1.89	0.38
-2.89597	0.00139529	0.0973412	1.89	0.39
-2.88176	0.00124051	0.0769439	1.89	0.4
-2.88575	0.00137957	0.0951606	1.89	0.41
-2.88251	0.00126638	0.0801862	1.89	0.42
-2.88497	0.00136032	0.0925241	1.89	0.43
-2.88549	0.00122307	0.0747951	1.89	0.44
-2.88153	0.00118446	0.0701469	1.89	0.45
-2.87339	0.00124455	0.0774457	1.89	0.46
-2.89084	0.00137731	0.0948493	1.89	0.47
-2.89058	0.00137337	0.094307	1.89	0.48
-2.88091	0.0012812	0.0820738	1.89	0.49
-2.88041	0.00127474	0.0812483	1.89	0.5
-2.88547	0.00137658	0.0947492	1.89	0.51
-2.87821	0.00124574	0.077594	1.89	0.52
-2.88824	0.00130924	0.0857053	1.89	0.53
-2.88279	0.00128514	0.0825792	1.89	0.54
-2.88414	0.00136854	0.0936446	1.89	0.55
-2.8819	0.00127354	0.0810956	1.89	0.56
-2.87566	0.00135521	0.091829	1.89	0.57
-2.8785	0.00177148	0.156907	1.89	0.58
-2.87923	0.00129393	0.0837128	1.89	0.59
-2.85199	0.00247352	0.305915	1.9	0
-2.82442	0.00229296	0.262884	1.9	0.01
-2.84313	0.0023204	0.269212	1.9	0.02
-2.8673	0.00221475	0.245256	1.9	0.03
-2.85293	0.00224267	0.251479	1.9	0.04
-2.87153	0.00208886	0.218166	1.9	0.05
-2.87289	0.00213821	0.228597	1.9	0.06
-2.86344	0.00195913	0.191909	1.9	0.07
-2.87671	0.00192208	0.184719	1.9	0.08
-2.87461	0.00187841	0.176422	1.9	0.09
-2.87693	0.00181083	0.163955	1.9	0.1
-2.87665	0.00176326	0.155455	1.9	0.11
-2.87657	0.00173771	0.150981	1.9	0.12
-2.88027	0.0017156	0.147164	1.9	0.13
-2.88124	0.00169134	0.143031	1.9	0.14
-2.88718	0.00168337	0.141687	1.9	0.15
-2.88165	0.00184492	0.170186	1.9	0.16
-2.88963	0.00160264	0.128423	1.9	0.17
-2.88405	0.00153015	0.117068	1.9	0.18
-2.8882	0.00153756	0.118205	1.9	0.19
-2.88084	0.00147534	0.108831	1.9	0.2
-2.89232	0.00151031	0.114051	1.9	0.21
-2.8874	0.00144399	0.104256	1.9	0.22
-2.89408	0.00152619	0.116462	1.9	0.23
-2.88407	0.00135588	0.0919208	1.9	0.24
-2.87658	0.00135928	0.0923827	1.9	0.25
-2.89068	0.00145906	0.106443	1.9	0.26
-2.88565	0.00150047	0.112571	1.9	0.27
-2.88987	0.00129601	0.083982	1.9	0.28
-2.8876	0.00128599	0.0826891	1.9	0.29
-2.88996	0.00124862	0.077953	1.9	0.3
-2.89203	0.00135267	0.0914852	1.9	0.31
-2.8872	0.00174585	0.152399	1.9	0.32
-2.88152	0.00122853	0.0754649	1.9	0.33
-2.88612	0.00146609	0.107471	1.9	0.34
-2.88232	0.00123543	0.0763144	1.9	0.35
-2.88113	0.00129794	0.0842325	1.9	0.36
-2.8875	0.00126563	0.0800915	1.9	0.37
-2.88219	0.00130126	0.084664	1.9	0.38
-2.90248	0.00125642	0.0789292	1.9	0.39
-2.88526	0.00126316	0.079779	1.9	0.4
-2.88425	0.00123876	0.0767265	1.9	0.41
-2.88059	0.00148771	0.110664	1.9	0.42
-2.89042	0.00125889	0.0792408	1.9	0.43
-2.88612	0.00130981	0.0857796	1.9	0.44
-2.88408	0.00121596	0.0739276	1.9	0.45
-2.88812	0.00128855	0.0830177	1.9	0.46
-2.88805	0.00124991	0.0781136	1.9	0.47
-2.88181	0.00125622	0.0789045	1.9	0.48
-2.88868	0.0012729	0.0810133	1.9	0.49
-2.88033	0.00125981	0.0793557	1.9	0.5
-2.88537	0.00126711	0.0802787	1.9	0.51
-2.87515	0.00121843	0.0742292	1.9	0.52
-2.87939	0.00128065	0.0820035	1.9	0.53
-2.87913	0.00123665	0.0764648	1.9	0.54
-2.88585	0.00123844	0.0766865	1.9	0.55
-2.88284	0.00128835	0.0829927	1.9	0.56
-2.88306	0.00123315	0.0760332	1.9	0.57
-2.87668	0.00128314	0.082323	1.9	0.58
-2.88382	0.00125886	0.0792359	1.9	0.59
-2.83312	0.00239122	0.285897	1.91	0
-2.84848	0.00233461	0.27252	1.91	0.01
-2.8557	0.00230542	0.265749	1.91	0.02
-2.85171	0.00216791	0.234992	1.91	0.03
-2.86342	0.00211981	0.224681	1.91	0.04
-2.86743	0.0020457	0.209244	1.91	0.05
-2.86774	0.00201344	0.202698	1.91	0.06
-2.87756	0.0019891	0.197825	1.91	0.07
-2.8769	0.0018859	0.177831	1.91	0.08
-2.87617	0.00192699	0.185664	1.91	0.09
-2.87581	0.00183136	0.167694	1.91	0.1
-2.89417	0.00184573	0.170336	1.91	0.11
-2.89092	0.00173509	0.150526	1.91	0.12
-2.88283	0.00166795	0.139102	1.91	0.13
-2.88389	0.00164208	0.134821	1.91	0.14
-2.88801	0.00158741	0.125994	1.91	0.15
-2.89534	0.00157231	0.123608	1.91	0.16
-2.87732	0.00150618	0.113429	1.91	0.17
-2.88841	0.00156383	0.122278	1.91	0.18
-2.88023	0.00149676	0.112015	1.91	0.19
-2.88744	0.0014955	0.111827	1.91	0.2
-2.89162	0.00148721	0.110589	1.91	0.21
-2.89534	0.0014411	0.103838	1.91	0.22
-2.88229	0.00143214	0.102551	1.91	0.23
-2.88543	0.00135254	0.0914684	1.91	0.24
-2.88034	0.00135678	0.0920424	1.91	0.25
-2.88625	0.00131883	0.086966	1.91	0.26
-2.8924	0.00130383	0.0849985	1.91	0.27
-2.8865	0.00135809	0.0922205	1.91	0.28
-2.89306	0.00136255	0.0928276	1.91	0.29
-2.88935	0.00125755	0.079072	1.91	0.3
-2.88903	0.00127136	0.0808183	1.91	0.31
-2.87679	0.0012544	0.0786758	1.91	0.32
-2.88441	0.00126039	0.0794289	1.91	0.33
-2.88875	0.00124683	0.0777292	1.91	0.34
-2.88665	0.00129171	0.0834257	1.91	0.35
-2.87983	0.00121456	0.0737574	1.91	0.36
-2.87675	0.00119244	0.0710962	1.91	0.37
-2.8808	0.00121827	0.0742089	1.91	0.38
-2.88126	0.00122175	0.0746336	1.91	0.39
-2.88712	0.00136849	0.0936385	1.91	0.4
-2.88615	0.00121092	0.0733159	1.91	0.41
-2.88753	0.00123099	0.0757667	1.91	0.42
-2.88907	0.00118557	0.0702786	1.91	0.43
-2.88231	0.00126048	0.0794406	1.91	0.44
-2.88904	0.00148878	0.110824	1.91	0.45
-2.87528	0.00120543	0.0726536	1.91	0.46
-2.88936	0.00126311	0.0797725	1.91	0.47
-2.88062	0.00124706	0.0777577	1.91	0.48
-2.88465	0.00130213	0.0847769	1.91	0.49
-2.88224	0.00126552	0.0800766	1.91	0.5
-2.88023	0.00122174	0.0746324	1.91	0.51
-2.87591	0.00127026	0.080678	1.91	0.52
-2.8694	0.0012232	0.0748109	1.91	0.53
-2.88185	0.00131379	0.0863028	1.91	0.54
-2.88054	0.00124818	0.0778976	1.91	0.55
-2.87423	0.00128083	0.0820262	1.91	0.56
-2.88496	0.00141597	0.100249	1.91	0.57
-2.86565	0.00124687	0.0777346	1.91	0.58
-2.87813	0.00134967	0.0910805	1.91	0.59
-2.84949	0.00240192	0.288462	1.92	0
-2.85828	0.00230149	0.264842	1.92	0.01
-2.86254	0.00220955	0.244106	1.92	0.02
-2.86766	0.00220477	0.243051	1.92	0.03
-2.85501	0.00203397	0.206852	1.92	0.04
-2.86938	0.00202811	0.205662	1.92	0.05
-2.86698	0.00197566	0.195161	1.92	0.06
-2.8782	0.00187771	0.17629	1.92	0.07
-2.88127	0.00186312	0.173561	1.92	0.08
-2.8717	0.00179729	0.161512	1.92	0.09
-2.88333	0.00178746	0.159751	1.92	0.1
-2.88473	0.00187151	0.175127	1.92	0.11
-2.88378	0.00170105	0.144678	1.92	0.12
-2.88673	0.00167448	0.140195	1.92	0.13
-2.88642	0.00159073	0.126521	1.92	0.14
-2.89019	0.00161016	0.129631	1.92	0.15
-2.88155	0.00150294	0.112941	1.92	0.16
-2.88617	0.00153288	0.117486	1.92	0.17
-2.8898	0.00148665	0.110507	1.92	0.18
-2.88391	0.00144966	0.105076	1.92	0.19
-2.88996	0.00148922	0.110889	1.92	0.2
-2.8934	0.00142625	0.101709	1.92	0.21
-2.88867	0.00142242	0.101164	1.92	0.22
-2.88899	0.00134092	0.0899028	1.92	0.23
-2.88744	0.00132853	0.0882494	1.92	0.24
-2.88427	0.00130096	0.0846252	1.92	0.25
-2.88426	0.00130362	0.0849708	1.92	0.26
-2.88813	0.00133817	0.0895352	1.92	0.27
-2.89464	0.00136173	0.0927158	1.92	0.28
-2.88677	0.00126791	0.0803798	1.92	0.29
-2.88749	0.00125109	0.0782613	1.92	0.3
-2.88379	0.00128187	0.0821598	1.92	0.31
-2.88482	0.0012254	0.0750798	1.92	0.32
-2.88549	0.00146731	0.10765	1.92	0.33
-2.88704	0.00144402	0.10426	1.92	0.34
-2.88799	0.00122131	0.07458	1.92	0.35
-2.88024	0.00129457	0.0837952	1.92	0.36
-2.88802	0.00126576	0.0801069	1.92	0.37
-2.88321	0.00121274	0.0735366	1.92	0.38
-2.87687	0.00121881	0.0742747	1.92	0.39
-2.88452	0.00119896	0.0718754	1.92	0.4
-2.88715	0.001188	0.0705668	1.92	0.41
-2.88443	0.00123087	0.0757522	1.92	0.42
-2.8905	0.00128116	0.0820681	1.92	0.43
-2.87766	0.00121903	0.0743017	1.92	0.44
-2.87985	0.00115835	0.0670892	1.92	0.45
-2.88166	0.00119263	0.0711182	1.92	0.46
-2.88013	0.00122119	0.0745654	1.92	0.47
-2.88131	0.00126972	0.0806098	1.92	0.48
-2.87976	0.00124662	0.077703	1.92	0.49
-2.88505	0.00118121	0.0697625	1.92	0.5
-2.87472	0.00121841	0.0742257	1.92	0.51
-2.87686	0.00122315	0.0748052	1.92	0.52
-2.87599	0.00129343	0.0836479	1.92	0.53
-2.87326	0.00132916	0.0883331	1.92	0.54
-2.87669	0.00124819	0.0778984	1.92	0.55
-2.88048	0.00123972	0.0768453	1.92	0.56
-2.86912	0.00127394	0.0811462	1.92	0.57
-2.86844	0.00120297	0.0723574	1.92	0.58
-2.87035	0.00124311	0.0772659	1.92	0.59
-2.84903	0.00231698	0.26842	1.93	0
-2.84745	0.00223986	0.250848	1.93	0.01
-2.86171	0.00221238	0.244732	1.93	0.02
-2.86215	0.00216682	0.234754	1.93	0.03
-2.86942	0.0020406	0.208203	1.93	0.04
-2.87645	0.00200488	0.200978	1.93	0.05
-2.86815	0.00195234	0.190582	1.93	0.06
-2.87205	0.00184403	0.170023	1.93	0.07
-2.87839	0.00179147	0.160469	1.93	0.08
-2.87922	0.0017415	0.151642	1.93	0.09
-2.88201	0.00170128	0.144718	1.93	0.1
-2.87782	0.00165781	0.137416	1.93	0.11
-2.87542	0.00159464	0.127144	1.93	0.12
-2.87456	0.0016086	0.12938	1.93	0.13
-2.89005	0.00166559	0.138709	1.93	0.14
-2.89642	0.00157489	0.124013	1.93	0.15
-2.88208	0.00150865	0.113801	1.93	0.16
-2.88749	0.00145607	0.106007	1.93	0.17
-2.88216	0.0014524	0.105474	1.93	0.18
-2.87739	0.0015133	0.114504	1.93	0.19
-2.88933	0.00143187	0.102513	1.93	0.2
-2.88467	0.00134734	0.0907657	1.93	0.21
-2.88915	0.00152178	0.11579	1.93	0.22
-2.88532	0.00132369	0.0876075	1.93	0.23
-2.87808	0.00136334	0.0929344	1.93	0.24
-2.89785	0.00141298	0.0998257	1.93	0.25
-2.88923	0.00128213	0.0821934	1.93	0.26
-2.88688	0.00127104	0.0807767	1.93	0.27
-2.89132	0.00129968	0.0844588	1.93	0.28
-2.88478	0.00126549	0.0800727	1.93	0.29
-2.88035	0.00129493	0.0838418	1.93	0.3
-2.88983	0.00126941	0.0805698	1.93	0.31
-2.89003	0.00122052	0.0744835	1.93	0.32
-2.88324	0.00116566	0.0679381	1.93	0.33
-2.88171	0.00117474	0.0690005	1.93	0.34
-2.87907	0.0011817	0.0698207	1.93	0.35
-2.8872	0.00121439	0.0737371	1.93	0.36
-2.88561	0.00119509	0.0714122	1.93	0.37
-2.88006	0.00118363	0.0700488	1.93	0.38
-2.88645	0.00121893	0.0742897	1.93	0.39
-2.87098	0.00117587	0.069134	1.93	0.4
-2.87994	0.00122468	0.0749916	1.93	0.41
-2.88896	0.00117299	0.0687956	1.93	0.42
-2.8771	0.00124132	0.0770438	1.93	0.43
-2.87494	0.00117578	0.0691231	1.93	0.44
-2.87574	0.00117216	0.0686979	1.93	0.45
-2.87935	0.00118039	0.0696663	1.93	0.46
-2.8786	0.00117531	0.0690671	1.93	0.47
-2.87821	0.00135581	0.0919107	1.93	0.48
-2.87432	0.00131194	0.0860594	1.93	0.49
-2.87781	0.00120281	0.0723379	1.93	0.5
-2.87761	0.00195195	0.190505	1.93	0.51
-2.87831	0.00116022	0.0673052	1.93	0.52
-2.87173	0.00124056	0.0769498	1.93	0.53
-2.86787	0.00119154	0.0709887	1.93	0.54
-2.87167	0.00121919	0.074321	1.93	0.55
-2.87413	0.0012367	0.0764716	1.93	0.56
-2.86549	0.00120437	0.0725257	1.93	0.57
-2.86994	0.00123816	0.076652	1.93	0.58
-2.8774	0.00132035	0.0871667	1.93	0.59
-2.84968	0.0023375	0.273194	1.94	0
-2.86961	0.00225414	0.254058	1.94	0.01
-2.86764	0.00213544	0.228004	1.94	0.02
-2.85859	0.00205265	0.210668	1.94	0.03
-2.86145	0.00199883	0.199766	1.94	0.04
-2.86395	0.00195332	0.190773	1.94	0.05
-2.87073	0.00185883	0.172762	1.94	0.06
-2.87092	0.00184148	0.169553	1.94	0.07
-2.88699	0.00185116	0.17134	1.94	0.08
-2.87349	0.00175625	0.154221	1.94	0.09
-2.88076	0.00171284	0.14669	1.94	0.1
-2.88911	0.00165657	0.137211	1.94	0.11
-2.87568	0.0016021	0.128336	1.94	0.12
-2.88383	0.00158158	0.12507	1.94	0.13
-2.88643	0.00153872	0.118383	1.94	0.14
-2.88175	0.0015235	0.116052	1.94	0.15
-2.88407	0.00146902	0.107901	1.94	0.16
-2.88571	0.00147177	0.108305	1.94	0.17
-2.88441	0.00139282	0.0969974	1.94	0.18
-2.88959	0.00141284	0.0998054	1.94	0.19
-2.88577	0.00137192	0.0941085	1.94	0.2
-2.8889	0.00134309	0.0901939	1.94	0.21
-2.89327	0.00138736	0.0962388	1.94	0.22
-2.88326	0.00130594	0.0852745	1.94	0.23
-2.89063	0.0012881	0.0829604	1.94	0.24
-2.88632	0.00128375	0.0824008	1.94	0.25
-2.8748	0.0012586	0.0792036	1.94	0.26
-2.88017	0.00124631	0.0776641	1.94	0.27
-2.88338	0.00126441	0.0799367	1.94	0.28
-2.88522	0.00121819	0.0741993	1.94	0.29
-2.88959	0.0012331	0.0760268	1.94	0.3
-2.88897	0.00123411	0.0761519	1.94	0.31
-2.87957	0.00117503	0.0690345	1.94	0.32
-2.87978	0.00116868	0.0682906	1.94	0.33
-2.8728	0.00122758	0.075348	1.94	0.34
-2.87978	0.00116109	0.0674064	1.94	0.35
-2.87093	0.00115008	0.0661343	1.94	0.36
-2.87329	0.00117057	0.0685118	1.94	0.37
-2.88115	0.00113688	0.0646247	1.94	0.38
-2.88368	0.00115234	0.0663949	1.94	0.39
-2.88386	0.00115718	0.0669534	1.94	0.4
-2.88234	0.00121232	0.0734859	1.94	0.41
-2.87883	0.00116119	0.0674185	1.94	0.42
-2.86987	0.00114857	0.0659602	1.94	0.43
-2.88471	0.00124134	0.0770466	1.94	0.44
-2.8747	0.00119002	0.0708077	1.94	0.45
-2.87319	0.00117198	0.0686773	1.94	0.46
-2.88243	0.00117774	0.0693539	1.94	0.47
-2.86873	0.00120326	0.0723918	1.94	0.48
-2.86764	0.00116892	0.0683185	1.94	0.49
-2.86777	0.00119038	0.0708499	1.94	0.5
-2.88387	0.00118751	0.0705087	1.94	0.51
-2.88004	0.00122673	0.0752434	1.94	0.52
-2.8698	0.00118848	0.0706245	1.94	0.53
-2.86844	0.00123806	0.076639	1.94	0.54
-2.85673	0.00122488	0.0750171	1.94	0.55
-2.87151	0.00124444	0.077432	1.94	0.56
-2.85962	0.0013038	0.0849948	1.94	0.57
-2.87001	0.00126245	0.0796891	1.94	0.58
-2.88185	0.00124612	0.0776408	1.94	0.59
-2.8369	0.00224341	0.251645	1.95	0
-2.8584	0.00220813	0.243791	1.95	0.01
-2.86501	0.00214777	0.230645	1.95	0.02
-2.86874	0.00209299	0.219031	1.95	0.03
-2.86461	0.00200096	0.200192	1.95	0.04
-2.87039	0.00194893	0.189916	1.95	0.05
-2.86979	0.00186655	0.174201	1.95	0.06
-2.86855	0.00180513	0.162924	1.95	0.07
-2.87901	0.00176405	0.155593	1.95	0.08
-2.87643	0.00170539	0.145418	1.95	0.09
-2.88127	0.00166732	0.138998	1.95	0.1
-2.8838	0.00164624	0.135506	1.95	0.11
-2.87335	0.00159179	0.126689	1.95	0.12
-2.87964	0.00156399	0.122303	1.95	0.13
-2.88582	0.0015183	0.115262	1.95	0.14
-2.87751	0.001478	0.109225	1.95	0.15
-2.89225	0.00154159	0.118824	1.95	0.16
-2.87916	0.00146091	0.106713	1.95	0.17
-2.87351	0.00138953	0.0965401	1.95	0.18
-2.88727	0.00138236	0.0955453	1.95	0.19
-2.88546	0.00137471	0.0944917	1.95	0.2
-2.88673	0.00132973	0.0884091	1.95	0.21
-2.88646	0.00131752	0.0867933	1.95	0.22
-2.88327	0.00129542	0.0839056	1.95	0.23
-2.88393	0.0012877	0.0829083	1.95	0.24
-2.88434	0.00128394	0.0824255	1.95	0.25
-2.88205	0.0012489	0.0779878	1.95	0.26
-2.87626	0.00125652	0.0789416	1.95	0.27
-2.88648	0.00122964	0.0756006	1.95	0.28
-2.88756	0.00130895	0.085668	1.95	0.29
-2.88554	0.00120678	0.0728156	1.95	0.3
-2.87907	0.00117769	0.0693479	1.95	0.31
-2.87027	0.00116883	0.068308	1.95	0.32
-2.87368	0.00116914	0.0683441	1.95	0.33
-2.87037	0.00115867	0.0671257	1.95	0.34
-2.86646	0.0011553	0.0667359	1.95	0.35
-2.87266	0.00114008	0.064989	1.95	0.36
-2.87144	0.00123928	0.0767913	1.95	0.37
-2.87859	0.0011574	0.0669787	1.95	0.38
-2.86733	0.00117654	0.0692127	1.95	0.39
-2.87458	0.00115691	0.0669223	1.95	0.4
-2.87403	0.00115492	0.0666917	1.95	0.41
-2.87302	0.00115092	0.0662303	1.95	0.42
-2.87256	0.00115235	0.0663953	1.95	0.43
-2.8694	0.00116511	0.0678739	1.95	0.44
-2.87034	0.00117972	0.069587	1.95	0.45
-2.88269	0.00119287	0.0711472	1.95	0.46
-2.86725	0.00117917	0.0695216	1.95	0.47
-2.86609	0.00118064	0.0696957	1.95	0.48
-2.87635	0.00123546	0.076318	1.95	0.49
-2.88053	0.00120797	0.0729591	1.95	0.5
-2.87776	0.00120386	0.0724639	1.95	0.51
-2.87028	0.00121577	0.0739045	1.95	0.52
-2.87522	0.00124309	0.0772636	1.95	0.53
-2.86377	0.00124155	0.0770729	1.95	0.54
-2.87783	0.00126358	0.0798322	1.95	0.55
-2.86363	0.00128691	0.0828066	1.95	0.56
-2.86748	0.00129486	0.0838337	1.95	0.57
-2.86353	0.00126935	0.0805625	1.95	0.58
-2.87057	0.00129227	0.0834986	1.95	0.59
-2.85126	0.00224352	0.25167	1.96	0
-2.86161	0.0021684	0.235098	1.96	0.01
-2.84948	0.00207882	0.216075	1.96	0.02
-2.85894	0.00202609	0.205251	1.96	0.03
-2.86364	0.00197168	0.194377	1.96	0.04
-2.87449	0.00193366	0.186952	1.96	0.05
-2.87961	0.00186877	0.174616	1.96	0.06
-2.87491	0.00180728	0.163314	1.96	0.07
-2.8762	0.00173814	0.151056	1.96	0.08
-2.88197	0.00171405	0.146898	1.96	0.09
-2.87013	0.00162407	0.13188	1.96	0.1
-2.88576	0.00163877	0.134279	1.96	0.11
-2.87946	0.0015729	0.1237	1.96	0.12
-2.87678	0.00154734	0.119713	1.96	0.13
-2.89245	0.00153366	0.117606	1.96	0.14
-2.88023	0.00149249	0.111376	1.96	0.15
-2.8853	0.00147958	0.109458	1.96	0.16
-2.87744	0.00142965	0.102195	1.96	0.17
-2.87895	0.00138136	0.0954076	1.96	0.18
-2.88387	0.00136317	0.0929114	1.96	0.19
-2.88945	0.00136083	0.0925931	1.96	0.2
-2.89285	0.00131456	0.0864035	1.96	0.21
-2.87664	0.00131597	0.086589	1.96	0.22
-2.88542	0.00128775	0.082915	1.96	0.23
-2.87529	0.00127417	0.0811761	1.96	0.24
-2.87981	0.00127914	0.08181	1.96	0.25
-2.88328	0.0012512	0.0782748	1.96	0.26
-2.88899	0.00123012	0.0756594	1.96	0.27
-2.88366	0.00121285	0.0735504	1.96	0.28
-2.89031	0.00123617	0.0764053	1.96	0.29
-2.87588	0.0011859	0.0703177	1.96	0.3
-2.86542	0.00120043	0.0720519	1.96	0.31
-2.89072	0.00120198	0.072238	1.96	0.32
-2.87974	0.00121759	0.0741267	1.96	0.33
-2.8677	0.00116023	0.0673071	1.96	0.34
-2.87488	0.00116988	0.0684308	1.96	0.35
-2.888	0.00121203	0.0734512	1.96	0.36
-2.86437	0.00116281	0.0676063	1.96	0.37
-2.87924	0.0011639	0.0677334	1.96	0.38
-2.87754	0.0011962	0.0715448	1.96	0.39
-2.87229	0.00117356	0.0688624	1.96	0.4
-2.88274	0.00121357	0.0736376	1.96	0.41
-2.86951	0.00117851	0.0694437	1.96	0.42
-2.87203	0.00117396	0.0689091	1.96	0.43
-2.86825	0.00120222	0.0722671	1.96	0.44
-2.85956	0.00118224	0.0698847	1.96	0.45
-2.87618	0.00122485	0.0750129	1.96	0.46
-2.8691	0.00122076	0.074513	1.96	0.47
-2.84736	0.00122708	0.0752868	1.96	0.48
-2.87237	0.00122727	0.0753093	1.96	0.49
-2.87214	0.00122071	0.0745066	1.96	0.5
-2.86607	0.00127627	0.0814432	1.96	0.51
-2.85542	0.00123481	0.0762379	1.96	0.52
-2.87474	0.00126287	0.0797424	1.96	0.53
-2.86968	0.00124317	0.0772738	1.96	0.54
-2.8594	0.00126501	0.0800126	1.96	0.55
-2.85332	0.00126062	0.0794579	1.96	0.56
-2.86603	0.00129596	0.0839761	1.96	0.57
-2.85996	0.00132842	0.0882344	1.96	0.58
-2.85463	0.0012949	0.0838379	1.96	0.59
-2.85783	0.00221016	0.244241	1.97	0
-2.85958	0.00213789	0.228528	1.97	0.01
-2.84592	0.00204758	0.20963	1.97	0.02
-2.85811	0.00199616	0.199234	1.97	0.03
-2.87612	0.00194064	0.188304	1.97	0.04
-2.8598	0.00186628	0.17415	1.97	0.05
-2.87165	0.00182931	0.167319	1.97	0.06
-2.86948	0.00179109	0.160401	1.97	0.07
-2.8816	0.00175414	0.15385	1.97	0.08
-2.87961	0.0016982	0.144195	1.97	0.09
-2.87701	0.00162985	0.13282	1.97	0.1
-2.87623	0.00158686	0.125906	1.97	0.11
-2.88087	0.0015737	0.123826	1.97	0.12
-2.88207	0.00153213	0.117371	1.97	0.13
-2.87799	0.00147107	0.108202	1.97	0.14
-2.88834	0.00146371	0.107123	1.97	0.15
-2.8762	0.00142698	0.101814	1.97	0.16
-2.88462	0.00142166	0.101056	1.97	0.17
-2.88111	0.00137395	0.094387	1.97	0.18
-2.8734	0.00137498	0.0945279	1.97	0.19
-2.88387	0.00134971	0.0910856	1.97	0.2
-2.88235	0.00134108	0.0899251	1.97	0.21
-2.88647	0.0013284	0.088233	1.97	0.22
-2.88376	0.00128978	0.083177	1.97	0.23
-2.88328	0.00124998	0.0781228	1.97	0.24
-2.88085	0.00124601	0.0776266	1.97	0.25
-2.89322	0.0012778	0.0816392	1.97	0.26
-2.88008	0.00121778	0.0741497	1.97	0.27
-2.88028	0.00123319	0.0760376	1.97	0.28
-2.87836	0.00123137	0.0758136	1.97	0.29
-2.87192	0.00120322	0.0723869	1.97	0.3
-2.87988	0.00120435	0.0725234	1.97	0.31
-2.88005	0.00121325	0.0735987	1.97	0.32
-2.87301	0.0012088	0.0730599	1.97	0.33
-2.8657	0.00119752	0.0717027	1.97	0.34
-2.87333	0.00122297	0.0747827	1.97	0.35
-2.87643	0.00122506	0.0750392	1.97	0.36
-2.87707	0.0011894	0.0707335	1.97	0.37
-2.86948	0.00117451	0.0689742	1.97	0.38
-2.87878	0.001208	0.0729628	1.97	0.39
-2.88542	0.00119769	0.0717226	1.97	0.4
-2.85839	0.0012209	0.0745292	1.97	0.41
-2.8672	0.00122044	0.0744735	1.97	0.42
-2.87487	0.00118689	0.0704349	1.97	0.43
-2.86901	0.00120432	0.0725195	1.97	0.44
-2.86771	0.00122642	0.0752051	1.97	0.45
-2.86114	0.00126983	0.0806235	1.97	0.46
-2.86073	0.00123355	0.0760823	1.97	0.47
-2.85864	0.00125273	0.0784669	1.97	0.48
-2.85016	0.00124791	0.0778644	1.97	0.49
-2.8734	0.00125902	0.0792569	1.97	0.5
-2.87053	0.00127501	0.0812823	1.97	0.51
-2.86428	0.00125662	0.0789551	1.97	0.52
-2.8563	0.00131968	0.087078	1.97	0.53
-2.86134	0.00126906	0.0805254	1.97	0.54
-2.8647	0.00130354	0.0849614	1.97	0.55
-2.85458	0.00128318	0.0823274	1.97	0.56
-2.85325	0.00136245	0.0928136	1.97	0.57
-2.85944	0.00133358	0.0889217	1.97	0.58
-2.86561	0.00136402	0.0930278	1.97	0.59
-2.85269	0.00219041	0.239895	1.98	0
-2.85595	0.00211331	0.223304	1.98	0.01
-2.86631	0.00205732	0.211629	1.98	0.02
-2.87909	0.0020175	0.203514	1.98	0.03
-2.86509	0.00194494	0.189139	1.98	0.04
-2.8699	0.001852	0.171496	1.98	0.05
-2.86831	0.00179883	0.16179	1.98	0.06
-2.8708	0.00175588	0.154156	1.98	0.07
-2.87697	0.00173421	0.150375	1.98	0.08
-2.87503	0.00166095	0.137937	1.98	0.09
-2.87592	0.00164183	0.134781	1.98	0.1
-2.87535	0.00158678	0.125894	1.98	0.11
-2.88233	0.00154753	0.119742	1.98	0.12
-2.87664	0.00152641	0.116496	1.98	0.13
-2.87241	0.00150403	0.113105	1.98	0.14
-2.89027	0.0014916	0.111244	1.98	0.15
-2.88037	0.00142688	0.101799	1.98	0.16
-2.88229	0.00138466	0.0958648	1.98	0.17
-2.88299	0.00140041	0.0980573	1.98	0.18
-2.88015	0.00136748	0.0934999	1.98	0.19
-2.87409	0.00134738	0.0907714	1.98	0.2
-2.89223	0.00134395	0.0903103	1.98	0.21
-2.87562	0.00129696	0.0841052	1.98	0.22
-2.88036	0.00129395	0.0837148	1.98	0.23
-2.88291	0.00131213	0.0860846	1.98	0.24
-2.87668	0.00127387	0.0811378	1.98	0.25
-2.87729	0.00126744	0.08032	1.98	0.26
-2.88405	0.00127283	0.0810043	1.98	0.27
-2.86496	0.00125452	0.0786916	1.98	0.28
-2.87324	0.00124567	0.0775844	1.98	0.29
-2.86952	0.00123912	0.076771	1.98	0.3
-2.8819	0.00123066	0.075726	1.98	0.31
-2.88172	0.00122222	0.0746913	1.98	0.32
-2.86817	0.00124448	0.0774369	1.98	0.33
-2.87885	0.0012318	0.0758668	1.98	0.34
-2.87117	0.00123943	0.0768089	1.98	0.35
-2.886	0.00121689	0.0740411	1.98	0.36
-2.87193	0.00119521	0.0714263	1.98	0.37
-2.87626	0.0012175	0.0741157	1.98	0.38
-2.87091	0.00125341	0.0785515	1.98	0.39
-2.86113	0.00122912	0.0755369	1.98	0.4
-2.86778	0.00124578	0.077599	1.98	0.41
-2.87221	0.00123087	0.0757524	1.98	0.42
-2.86524	0.00125706	0.0790098	1.98	0.43
-2.86001	0.00126599	0.080136	1.98	0.44
-2.86955	0.00125526	0.0787838	1.98	0.45
-2.8662	0.00126377	0.0798559	1.98	0.46
-2.86061	0.00127891	0.0817809	1.98	0.47
-2.85523	0.0012744	0.081205	1.98	0.48
-2.85937	0.00130628	0.0853178	1.98	0.49
-2.85462	0.0012906	0.0832823	1.98	0.5
-2.8663	0.00132167	0.0873409	1.98	0.51
-2.87256	0.00130553	0.0852209	1.98	0.52
-2.84964	0.00133842	0.0895687	1.98	0.53
-2.85767	0.00129727	0.0841457	1.98	0.54
-2.84925	0.00135043	0.0911832	1.98	0.55
-2.85564	0.00133109	0.0885897	1.98	0.56
-2.84994	0.00136075	0.0925823	1.98	0.57
-2.84419	0.00136976	0.0938126	1.98	0.58
-2.85408	0.00137394	0.094386	1.98	0.59
-2.86609	0.00223852	0.250548	1.99	0
-2.86224	0.00211888	0.224483	1.99	0.01
-2.8537	0.00201532	0.203077	1.99	0.02
-2.85589	0.001989	0.197805	1.99	0.03
-2.86624	0.00192171	0.184648	1.99	0.04
-2.86988	0.00184237	0.169717	1.99	0.05
-2.875	0.0018084	0.163516	1.99	0.06
-2.87735	0.00176823	0.156332	1.99	0.07
-2.87449	0.00171489	0.147042	1.99	0.08
-2.87614	0.00169672	0.143943	1.99	0.09
-2.88167	0.00166113	0.137968	1.99	0.1
-2.87376	0.00157991	0.124806	1.99	0.11
-2.88237	0.00155599	0.121055	1.99	0.12
-2.8786	0.00153998	0.118576	1.99	0.13
-2.87758	0.00149887	0.11233	1.99	0.14
-2.88837	0.00148722	0.110591	1.99	0.15
-2.88417	0.00145037	0.105179	1.99	0.16
-2.88901	0.00140744	0.0990447	1.99	0.17
-2.87715	0.00138999	0.0966038	1.99	0.18
-2.87505	0.00137999	0.095218	1.99	0.19
-2.87931	0.00136936	0.0937575	1.99	0.2
-2.87212	0.00133249	0.0887767	1.99	0.21
-2.88387	0.00135945	0.0924055	1.99	0.22
-2.87969	0.00132578	0.0878842	1.99	0.23
-2.87135	0.00130821	0.0855712	1.99	0.24
-2.87309	0.00130486	0.0851329	1.99	0.25
-2.86986	0.00129363	0.0836738	1.99	0.26
-2.8654	0.00128773	0.0829118	1.99	0.27
-2.88294	0.00129185	0.0834444	1.99	0.28
-2.8725	0.00127304	0.0810321	1.99	0.29
-2.871	0.00130239	0.0848105	1.99	0.3
-2.88056	0.00126374	0.0798523	1.99	0.31
-2.88311	0.0012519	0.0783622	1.99	0.32
-2.86876	0.00123505	0.0762674	1.99	0.33
-2.8765	0.00126536	0.0800572	1.99	0.34
-2.88234	0.00125758	0.0790757	1.99	0.35
-2.87028	0.00124471	0.0774646	1.99	0.36
-2.87969	0.00126803	0.0803946	1.99	0.37
-2.87067	0.00127296	0.081021	1.99	0.38
-2.87327	0.00125426	0.0786581	1.99	0.39
-2.86745	0.00128175	0.0821445	1.99	0.4
-2.87032	0.0012887	0.083038	1.99	0.41
-2.87288	0.00129756	0.084183	1.99	0.42
-2.8615	0.00126482	0.0799889	1.99	0.43
-2.87343	0.00129542	0.0839063	1.99	0.44
-2.86063	0.00130197	0.0847558	1.99	0.45
-2.87891	0.00129219	0.0834884	1.99	0.46
-2.86059	0.00132265	0.0874699	1.99	0.47
-2.87007	0.00131828	0.0868931	1.99	0.48
-2.84891	0.00130725	0.085445	1.99	0.49
-2.8667	0.00133821	0.0895409	1.99	0.5
-2.84788	0.00134238	0.0900988	1.99	0.51
-2.86406	0.00134073	0.0898783	1.99	0.52
-2.87374	0.00134646	0.0906472	1.99	0.53
-2.84262	0.0013708	0.0939541	1.99	0.54
-2.85766	0.00141225	0.0997222	1.99	0.55
-2.85998	0.00139557	0.0973811	1.99	0.56
-2.86041	0.00142306	0.101256	1.99	0.57
-2.86214	0.00142701	0.101818	1.99	0.58
-2.85442	0.00140882	0.099239	1.99	0.59
-2.85494	0.00217596	0.236741	2	0
-2.85207	0.00209484	0.219418	2	0.01
-2.86594	0.00204255	0.2086	2	0.02
-2.86677	0.001985	0.197012	2	0.03
-2.8813	0.0019468	0.189501	2	0.04
-2.86622	0.00185941	0.17287	2	0.05
-2.87297	0.00181139	0.164057	2	0.06
-2.87516	0.00177299	0.157175	2	0.07
-2.87585	0.00173497	0.150506	2	0.08
-2.87646	0.00168039	0.141186	2	0.09
-2.88385	0.00166575	0.138736	2	0.1
-2.86606	0.00159152	0.126647	2	0.11
-2.8837	0.00159878	0.127804	2	0.12
-2.87752	0.00154367	0.119146	2	0.13
-2.88968	0.00152914	0.116913	2	0.14
-2.87582	0.00149758	0.112137	2	0.15
-2.87975	0.00146297	0.107014	2	0.16
-2.8712	0.00143879	0.103505	2	0.17
-2.86723	0.00142354	0.101324	2	0.18
-2.87228	0.00139153	0.0968182	2	0.19
-2.86893	0.00139276	0.0969888	2	0.2
-2.8829	0.00137654	0.0947427	2	0.21
-2.87969	0.0013817	0.0954553	2	0.22
-2.8836	0.00133162	0.0886607	2	0.23
-2.86964	0.0013441	0.0903298	2	0.24
-2.87491	0.00131899	0.0869863	2	0.25
-2.86901	0.00133128	0.0886154	2	0.26
-2.87468	0.00132987	0.0884278	2	0.27
-2.8767	0.00130635	0.0853273	2	0.28
-2.87954	0.00129608	0.0839917	2	0.29
-2.87313	0.00130803	0.0855474	2	0.3
-2.881	0.00128209	0.0821874	2	0.31
-2.87535	0.00129097	0.0833307	2	0.32
-2.86251	0.00126362	0.079837	2	0.33
-2.86929	0.00130864	0.0856265	2	0.34
-2.86329	0.00128743	0.0828737	2	0.35
-2.8697	0.00128054	0.0819892	2	0.36
-2.85309	0.00128408	0.0824433	2	0.37
-2.86256	0.0012884	0.0829985	2	0.38
-2.87112	0.00133604	0.0892505	2	0.39
-2.87805	0.00135619	0.0919626	2	0.4
-2.86274	0.00133051	0.0885124	2	0.41
-2.86046	0.00132034	0.0871643	2	0.42
-2.87213	0.00132933	0.0883557	2	0.43
-2.86921	0.00136957	0.0937863	2	0.44
-2.86223	0.00135536	0.0918503	2	0.45
-2.87249	0.00135524	0.0918342	2	0.46
-2.85287	0.00135484	0.0917798	2	0.47
-2.86181	0.00138885	0.0964446	2	0.48
-2.85991	0.00136942	0.0937653	2	0.49
-2.86148	0.00138099	0.0953572	2	0.5
-2.84643	0.00141715	0.100416	2	0.51
-2.84725	0.00141536	0.100162	2	0.52
-2.85122	0.00139879	0.0978308	2	0.53
-2.8497	0.00146067	0.106677	2	0.54
-2.84598	0.00146055	0.106661	2	0.55
-2.86275	0.00146365	0.107114	2	0.56
-2.84958	0.00146394	0.107156	2	0.57
-2.853	0.00147818	0.109251	2	0.58
-2.84326	0.0014845	0.110187	2	0.59
-2.8588	0.00219869	0.241711	2.01	0
-2.86507	0.00209933	0.22036	2.01	0.01
-2.86508	0.00205141	0.210415	2.01	0.02
-2.86863	0.00200127	0.200254	2.01	0.03
-2.87126	0.00193639	0.18748	2.01	0.04
-2.88215	0.00191343	0.183062	2.01	0.05
-2.87111	0.0018153	0.164766	2.01	0.06
-2.87691	0.00178376	0.159091	2.01	0.07
-2.87453	0.00174428	0.152125	2.01	0.08
-2.88706	0.00169747	0.14407	2.01	0.09
-2.86214	0.00162995	0.132837	2.01	0.1
-2.88109	0.00162453	0.131955	2.01	0.11
-2.87809	0.00157941	0.124728	2.01	0.12
-2.86787	0.00157238	0.123619	2.01	0.13
-2.87493	0.00154216	0.118913	2.01	0.14
-2.8773	0.00151701	0.115066	2.01	0.15
-2.87614	0.00149561	0.111842	2.01	0.16
-2.87819	0.0014807	0.109623	2.01	0.17
-2.87983	0.00146732	0.107652	2.01	0.18
-2.87172	0.00145479	0.10582	2.01	0.19
-2.8811	0.00142254	0.101182	2.01	0.2
-2.87512	0.00140922	0.0992957	2.01	0.21
-2.87169	0.00139428	0.0972008	2.01	0.22
-2.87266	0.00139153	0.0968177	2.01	0.23
-2.86494	0.0013974	0.0976366	2.01	0.24
-2.87151	0.00138942	0.096524	2.01	0.25
-2.85823	0.00132193	0.0873752	2.01	0.26
-2.87068	0.00137147	0.0940468	2.01	0.27
-2.86843	0.00135074	0.0912251	2.01	0.28
-2.86787	0.00136222	0.0927825	2.01	0.29
-2.86262	0.00137063	0.0939318	2.01	0.3
-2.86153	0.00134003	0.0897839	2.01	0.31
-2.87159	0.00134494	0.0904433	2.01	0.32
-2.85564	0.00135609	0.0919485	2.01	0.33
-2.87498	0.00135327	0.0915675	2.01	0.34
-2.85622	0.00134013	0.0897969	2.01	0.35
-2.87236	0.00139851	0.0977922	2.01	0.36
-2.86404	0.00135074	0.0912246	2.01	0.37
-2.86517	0.00138316	0.0956564	2.01	0.38
-2.87303	0.00137933	0.0951275	2.01	0.39
-2.86619	0.00139206	0.0968909	2.01	0.4
-2.8639	0.00135711	0.092087	2.01	0.41
-2.8669	0.00142409	0.101401	2.01	0.42
-2.86096	0.00142736	0.101867	2.01	0.43
-2.84547	0.00139719	0.0976075	2.01	0.44
-2.87413	0.00139463	0.0972495	2.01	0.45
-2.86003	0.00143659	0.10319	2.01	0.46
-2.86635	0.00141259	0.0997705	2.01	0.47
-2.84891	0.00141497	0.100107	2.01	0.48
-2.84827	0.00142979	0.102215	2.01	0.49
-2.8567	0.00145681	0.106114	2.01	0.5
-2.85357	0.00147464	0.108728	2.01	0.51
-2.86374	0.00147564	0.108875	2.01	0.52
-2.85003	0.0014861	0.110425	2.01	0.53
-2.85607	0.00150732	0.113601	2.01	0.54
-2.85525	0.00151015	0.114028	2.01	0.55
-2.84789	0.00154593	0.119494	2.01	0.56
-2.84998	0.00151576	0.114876	2.01	0.57
-2.8543	0.00153118	0.117226	2.01	0.58
-2.8582	0.00154405	0.119204	2.01	0.59
-2.85536	0.0021911	0.240046	2.02	0
-2.85547	0.00211459	0.223574	2.02	0.01
-2.86844	0.00206455	0.213118	2.02	0.02
-2.87578	0.00201282	0.202573	2.02	0.03
-2.86974	0.00196107	0.19229	2.02	0.04
-2.86446	0.00190742	0.181913	2.02	0.05
-2.86299	0.00182047	0.165706	2.02	0.06
-2.86868	0.00180105	0.162188	2.02	0.07
-2.87506	0.00177249	0.157086	2.02	0.08
-2.872	0.00172179	0.148227	2.02	0.09
-2.8736	0.00166732	0.138999	2.02	0.1
-2.87078	0.0016578	0.137416	2.02	0.11
-2.88468	0.00161256	0.130017	2.02	0.12
-2.87731	0.00160999	0.129604	2.02	0.13
-2.87248	0.00158911	0.126264	2.02	0.14
-2.87702	0.00155053	0.120207	2.02	0.15
-2.87225	0.00151195	0.1143	2.02	0.16
-2.87724	0.00152084	0.115648	2.02	0.17
-2.87715	0.00148694	0.110549	2.02	0.18
-2.87483	0.00146792	0.107739	2.02	0.19
-2.88066	0.00144413	0.104275	2.02	0.2
-2.86991	0.00143802	0.103395	2.02	0.21
-2.87141	0.00142621	0.101703	2.02	0.22
-2.87031	0.00145182	0.10539	2.02	0.23
-2.87562	0.00144236	0.10402	2.02	0.24
-2.87536	0.00140696	0.0989767	2.02	0.25
-2.8526	0.00140487	0.0986835	2.02	0.26
-2.86067	0.00144978	0.105093	2.02	0.27
-2.8505	0.00138605	0.096057	2.02	0.28
-2.86469	0.00140164	0.0982304	2.02	0.29
-2.87643	0.00137906	0.0950897	2.02	0.3
-2.87126	0.00139466	0.097254	2.02	0.31
-2.85897	0.00142557	0.101613	2.02	0.32
-2.86412	0.00142963	0.102193	2.02	0.33
-2.8609	0.00140593	0.0988326	2.02	0.34
-2.85613	0.00139963	0.0979484	2.02	0.35
-2.86818	0.00141279	0.0997984	2.02	0.36
-2.86119	0.0014753	0.108825	2.02	0.37
-2.85795	0.00141841	0.100594	2.02	0.38
-2.86981	0.00143656	0.103185	2.02	0.39
-2.853	0.00140613	0.09886	2.02	0.4
-2.83902	0.00144601	0.104547	2.02	0.41
-2.85982	0.00147823	0.109258	2.02	0.42
-2.85715	0.00146159	0.106813	2.02	0.43
-2.84651	0.00147439	0.108691	2.02	0.44
-2.8513	0.00152304	0.115982	2.02	0.45
-2.85265	0.00150401	0.113103	2.02	0.46
-2.83735	0.00151081	0.114128	2.02	0.47
-2.86075	0.00148309	0.109978	2.02	0.48
-2.85457	0.00147153	0.108271	2.02	0.49
-2.84766	0.00151649	0.114987	2.02	0.5
-2.84841	0.00152465	0.116228	2.02	0.51
-2.85398	0.0015407	0.118687	2.02	0.52
-2.84664	0.00154964	0.12007	2.02	0.53
-2.84335	0.00157552	0.124113	2.02	0.54
-2.83731	0.00158974	0.126363	2.02	0.55
-2.85389	0.00157344	0.123785	2.02	0.56
-2.84626	0.00162331	0.131756	2.02	0.57
-2.83532	0.00162314	0.131729	2.02	0.58
-2.84096	0.00162559	0.132127	2.02	0.59
-2.84982	0.00216449	0.234251	2.03	0
-2.86824	0.00213009	0.226865	2.03	0.01
-2.85682	0.00206631	0.213482	2.03	0.02
-2.87387	0.00200647	0.201296	2.03	0.03
-2.86486	0.00196218	0.192508	2.03	0.04
-2.86757	0.00187959	0.176644	2.03	0.05
-2.86426	0.00183624	0.168589	2.03	0.06
-2.85958	0.00181037	0.163872	2.03	0.07
-2.87914	0.00180048	0.162086	2.03	0.08
-2.86039	0.00174266	0.151843	2.03	0.09
-2.86712	0.00169918	0.144361	2.03	0.1
-2.87227	0.00169687	0.143968	2.03	0.11
-2.86271	0.00167495	0.140273	2.03	0.12
-2.86625	0.00164086	0.13462	2.03	0.13
-2.87249	0.00161641	0.130639	2.03	0.14
-2.87929	0.00161012	0.129624	2.03	0.15
-2.8767	0.00155729	0.121258	2.03	0.16
-2.87135	0.00156467	0.12241	2.03	0.17
-2.85909	0.001508	0.113704	2.03	0.18
-2.86727	0.00150953	0.113934	2.03	0.19
-2.8786	0.00153703	0.118123	2.03	0.2
-2.87524	0.00150933	0.113904	2.03	0.21
-2.88321	0.00148223	0.10985	2.03	0.22
-2.8654	0.0014778	0.109194	2.03	0.23
-2.86093	0.00145929	0.106476	2.03	0.24
-2.87556	0.00145564	0.105945	2.03	0.25
-2.86605	0.00147621	0.10896	2.03	0.26
-2.85099	0.00145485	0.10583	2.03	0.27
-2.86998	0.00144042	0.10374	2.03	0.28
-2.84989	0.00147316	0.108509	2.03	0.29
-2.86305	0.00144868	0.104934	2.03	0.3
-2.8656	0.00142366	0.10134	2.03	0.31
-2.86437	0.00144446	0.104323	2.03	0.32
-2.8703	0.00146149	0.106798	2.03	0.33
-2.84837	0.00150302	0.112954	2.03	0.34
-2.85553	0.00146581	0.10743	2.03	0.35
-2.854	0.00148627	0.11045	2.03	0.36
-2.84858	0.00146606	0.107467	2.03	0.37
-2.83776	0.0015235	0.116052	2.03	0.38
-2.86263	0.00148717	0.110584	2.03	0.39
-2.8477	0.00153847	0.118344	2.03	0.4
-2.86033	0.00150806	0.113713	2.03	0.41
-2.8538	0.00150836	0.113758	2.03	0.42
-2.84872	0.00150155	0.112732	2.03	0.43
-2.83478	0.00157075	0.123363	2.03	0.44
-2.85495	0.00157027	0.123288	2.03	0.45
-2.84659	0.00155652	0.121138	2.03	0.46
-2.84463	0.00156553	0.122544	2.03	0.47
-2.84128	0.00159782	0.127652	2.03	0.48
-2.83908	0.00159249	0.126802	2.03	0.49
-2.85645	0.00159657	0.127451	2.03	0.5
-2.85658	0.00158035	0.124876	2.03	0.51
-2.83482	0.00159377	0.127005	2.03	0.52
-2.85464	0.00168779	0.142433	2.03	0.53
-2.84015	0.00164671	0.135583	2.03	0.54
-2.82847	0.00168061	0.141222	2.03	0.55
-2.84157	0.00170552	0.145439	2.03	0.56
-2.82884	0.00173414	0.150362	2.03	0.57
-2.83352	0.00167964	0.141059	2.03	0.58
-2.82563	0.00171952	0.147837	2.03	0.59
-2.87216	0.00224514	0.252032	2.04	0
-2.88129	0.00216313	0.233956	2.04	0.01
-2.85003	0.00207439	0.215155	2.04	0.02
-2.86489	0.0020547	0.21109	2.04	0.03
-2.8736	0.00197098	0.194238	2.04	0.04
-2.86271	0.00194323	0.188807	2.04	0.05
-2.87452	0.0018731	0.175425	2.04	0.06
-2.86594	0.00184492	0.170186	2.04	0.07
-2.8711	0.00180328	0.162591	2.04	0.08
-2.88192	0.00180649	0.16317	2.04	0.09
-2.85922	0.00172305	0.148445	2.04	0.1
-2.86862	0.00178425	0.159178	2.04	0.11
-2.86946	0.00170685	0.145666	2.04	0.12
-2.88965	0.00165726	0.137325	2.04	0.13
-2.86831	0.00166466	0.138555	2.04	0.14
-2.85626	0.001622	0.131544	2.04	0.15
-2.86324	0.0016285	0.1326	2.04	0.16
-2.86428	0.00160236	0.128378	2.04	0.17
-2.87231	0.00157085	0.123379	2.04	0.18
-2.87214	0.0015682	0.122962	2.04	0.19
-2.86768	0.00154434	0.119249	2.04	0.2
-2.86758	0.00154892	0.119957	2.04	0.21
-2.86659	0.00155274	0.12055	2.04	0.22
-2.86412	0.00152308	0.115988	2.04	0.23
-2.85756	0.00153728	0.118162	2.04	0.24
-2.88686	0.0015559	0.121042	2.04	0.25
-2.86662	0.0015438	0.119166	2.04	0.26
-2.87335	0.00151613	0.114933	2.04	0.27
-2.888	0.00151637	0.114969	2.04	0.28
-2.84402	0.00153312	0.117523	2.04	0.29
-2.85362	0.00153735	0.118172	2.04	0.3
-2.86354	0.00151731	0.115112	2.04	0.31
-2.86114	0.00154462	0.119293	2.04	0.32
-2.85948	0.00154274	0.119002	2.04	0.33
-2.86712	0.00157488	0.124013	2.04	0.34
-2.87355	0.00152285	0.115954	2.04	0.35
-2.84099	0.00158092	0.124965	2.04	0.36
-2.86092	0.00156419	0.122334	2.04	0.37
-2.85274	0.00160198	0.128317	2.04	0.38
-2.84131	0.00157471	0.123986	2.04	0.39
-2.84789	0.00161045	0.129677	2.04	0.4
-2.83602	0.00163245	0.133244	2.04	0.41
-2.85455	0.00156008	0.121693	2.04	0.42
-2.85666	0.00167942	0.141023	2.04	0.43
-2.83186	0.00168908	0.14265	2.04	0.44
-2.85025	0.00165023	0.136162	2.04	0.45
-2.83864	0.00164642	0.135536	2.04	0.46
-2.85367	0.00167522	0.140318	2.04	0.47
-2.86295	0.00166369	0.138393	2.04	0.48
-2.85304	0.0016405	0.134563	2.04	0.49
-2.85356	0.00168218	0.141487	2.04	0.5
-2.83988	0.00169764	0.144099	2.04	0.51
-2.82126	0.00172176	0.148222	2.04	0.52
-2.82999	0.00169157	0.14307	2.04	0.53
-2.83636	0.00174092	0.15154	2.04	0.54
-2.84529	0.00174979	0.153088	2.04	0.55
-2.83935	0.00178016	0.158448	2.04	0.56
-2.84588	0.00178392	0.159119	2.04	0.57
-2.81906	0.00181977	0.165578	2.04	0.58
-2.82815	0.00185286	0.171654	2.04	0.59
-2.85745	0.00223816	0.250469	2.05	0
-2.86859	0.00226551	0.256628	2.05	0.01
-2.86153	0.0020996	0.220416	2.05	0.02
-2.86657	0.0020557	0.211295	2.05	0.03
-2.87068	0.00205788	0.211744	2.05	0.04
-2.8669	0.00196142	0.192359	2.05	0.05
-2.8643	0.00193675	0.18755	2.05	0.06
-2.86142	0.00187946	0.176619	2.05	0.07
-2.87034	0.00183017	0.167477	2.05	0.08
-2.87043	0.00179092	0.16037	2.05	0.09
-2.85175	0.00186164	0.173285	2.05	0.1
-2.86176	0.00178144	0.158677	2.05	0.11
-2.88533	0.00176545	0.15584	2.05	0.12
-2.85542	0.00175798	0.154526	2.05	0.13
-2.87594	0.00171021	0.14624	2.05	0.14
-2.87708	0.00161829	0.130943	2.05	0.15
-2.86043	0.00166336	0.138338	2.05	0.16
-2.85922	0.00168551	0.142048	2.05	0.17
-2.87656	0.00161862	0.130997	2.05	0.18
-2.86458	0.00162388	0.13185	2.05	0.19
-2.85357	0.00163194	0.133162	2.05	0.2
-2.86242	0.001641	0.134644	2.05	0.21
-2.85784	0.00161211	0.129944	2.05	0.22
-2.8572	0.00175867	0.154646	2.05	0.23
-2.85821	0.00158725	0.125968	2.05	0.24
-2.85714	0.00159238	0.126784	2.05	0.25
-2.85847	0.00157273	0.123674	2.05	0.26
-2.86352	0.00164326	0.135016	2.05	0.27
-2.85799	0.00159789	0.127663	2.05	0.28
-2.86013	0.00158097	0.124973	2.05	0.29
-2.8622	0.00160542	0.128868	2.05	0.3
-2.8559	0.00155539	0.120962	2.05	0.31
-2.85456	0.00163602	0.133829	2.05	0.32
-2.83834	0.00162017	0.131247	2.05	0.33
-2.84942	0.00163229	0.133219	2.05	0.34
-2.84916	0.00164177	0.134771	2.05	0.35
-2.85042	0.00165067	0.136236	2.05	0.36
-2.83065	0.00171412	0.146911	2.05	0.37
-2.83094	0.00165912	0.137633	2.05	0.38
-2.83066	0.00165683	0.137255	2.05	0.39
-2.84467	0.00165721	0.137317	2.05	0.4
-2.84836	0.0016679	0.139095	2.05	0.41
-2.86062	0.00162055	0.131309	2.05	0.42
-2.84187	0.00175066	0.153241	2.05	0.43
-2.82027	0.00172669	0.149073	2.05	0.44
-2.85161	0.00169065	0.142915	2.05	0.45
-2.84608	0.00172809	0.149315	2.05	0.46
-2.84335	0.00173602	0.150688	2.05	0.47
-2.85911	0.00174738	0.152667	2.05	0.48
-2.83682	0.00171193	0.146536	2.05	0.49
-2.83703	0.00173684	0.15083	2.05	0.5
-2.83521	0.00179623	0.161322	2.05	0.51
-2.84537	0.00174532	0.152306	2.05	0.52
-2.85882	0.00176641	0.156011	2.05	0.53
-2.83215	0.00177605	0.157717	2.05	0.54
-2.83256	0.00184228	0.169699	2.05	0.55
-2.83375	0.00182084	0.165773	2.05	0.56
-2.81937	0.00186297	0.173533	2.05	0.57
-2.84067	0.00182607	0.166727	2.05	0.58
-2.8408	0.00185616	0.172267	2.05	0.59
-2.85306	0.00221859	0.246107	2.06	0
-2.87103	0.00219122	0.240071	2.06	0.01
-2.86731	0.00211404	0.223459	2.06	0.02
-2.863	0.00208332	0.21701	2.06	0.03
-2.85632	0.00205792	0.211751	2.06	0.04
-2.86258	0.00202525	0.205081	2.06	0.05
-2.86525	0.00199298	0.198599	2.06	0.06
-2.86452	0.00193232	0.186693	2.06	0.07
-2.86104	0.00191394	0.183159	2.06	0.08
-2.86742	0.0018357	0.168489	2.06	0.09
-2.86893	0.00184023	0.169323	2.06	0.1
-2.86516	0.00180686	0.163238	2.06	0.11
-2.87149	0.00177279	0.15714	2.06	0.12
-2.86089	0.001794	0.160922	2.06	0.13
-2.87804	0.00174152	0.151644	2.06	0.14
-2.8681	0.00175446	0.153907	2.06	0.15
-2.86626	0.00174103	0.151559	2.06	0.16
-2.85436	0.0017564	0.154248	2.06	0.17
-2.86842	0.0017344	0.150408	2.06	0.18
-2.86257	0.00171574	0.147188	2.06	0.19
-2.86886	0.00167198	0.139776	2.06	0.2
-2.86126	0.0017345	0.150425	2.06	0.21
-2.85168	0.00170363	0.145117	2.06	0.22
-2.84517	0.00172376	0.148567	2.06	0.23
-2.86628	0.00167006	0.139455	2.06	0.24
-2.83063	0.00174625	0.152469	2.06	0.25
-2.86058	0.00163942	0.134385	2.06	0.26
-2.85606	0.00166614	0.138801	2.06	0.27
-2.85289	0.00170149	0.144753	2.06	0.28
-2.85186	0.00167734	0.140673	2.06	0.29
-2.85116	0.00166879	0.139243	2.06	0.3
-2.85559	0.00168511	0.141979	2.06	0.31
-2.85359	0.00174012	0.151401	2.06	0.32
-2.83663	0.00169541	0.143721	2.06	0.33
-2.85275	0.00171563	0.147169	2.06	0.34
-2.84274	0.00172815	0.149326	2.06	0.35
-2.84602	0.00172857	0.149398	2.06	0.36
-2.83387	0.00176651	0.156027	2.06	0.37
-2.84478	0.00170881	0.146001	2.06	0.38
-2.83097	0.00172678	0.149089	2.06	0.39
-2.8537	0.00185765	0.172543	2.06	0.4
-2.84257	0.00174799	0.152773	2.06	0.41
-2.83375	0.0017692	0.156503	2.06	0.42
-2.83456	0.00182223	0.166026	2.06	0.43
-2.84823	0.00175463	0.153936	2.06	0.44
-2.83771	0.00175245	0.153555	2.06	0.45
-2.84353	0.00179721	0.161497	2.06	0.46
-2.83475	0.00183097	0.167622	2.06	0.47
-2.82505	0.00182938	0.167331	2.06	0.48
-2.8508	0.00179491	0.161086	2.06	0.49
-2.8327	0.0018509	0.171292	2.06	0.5
-2.83585	0.00185999	0.172978	2.06	0.51
-2.82871	0.00189542	0.179631	2.06	0.52
-2.82769	0.00187849	0.176436	2.06	0.53
-2.82494	0.0021039	0.221319	2.06	0.54
-2.84513	0.00183971	0.169226	2.06	0.55
-2.82913	0.0018827	0.177227	2.06	0.56
-2.8427	0.00191645	0.183639	2.06	0.57
-2.82935	0.00189694	0.179918	2.06	0.58
-2.81222	0.00201615	0.203244	2.06	0.59
-2.85339	0.0022873	0.261587	2.07	0
-2.86359	0.00221564	0.245454	2.07	0.01
-2.8561	0.00224449	0.251886	2.07	0.02
-2.87013	0.00217074	0.235606	2.07	0.03
-2.86622	0.00208392	0.217136	2.07	0.04
-2.85143	0.00203759	0.207588	2.07	0.05
-2.88205	0.00204145	0.208376	2.07	0.06
-2.86491	0.00196522	0.193104	2.07	0.07
-2.85715	0.00197108	0.194258	2.07	0.08
-2.85738	0.00197158	0.194356	2.07	0.09
-2.87104	0.00188588	0.177826	2.07	0.1
-2.87061	0.00188032	0.176779	2.07	0.11
-2.85383	0.0018477	0.170699	2.07	0.12
-2.86234	0.00181109	0.164002	2.07	0.13
-2.86313	0.00183925	0.169142	2.07	0.14
-2.86537	0.00181224	0.164211	2.07	0.15
-2.87005	0.00187409	0.17561	2.07	0.16
-2.8531	0.00173963	0.151316	2.07	0.17
-2.87123	0.00177518	0.157563	2.07	0.18
-2.8453	0.00176467	0.155702	2.07	0.19
-2.84839	0.00175128	0.153348	2.07	0.2
-2.85412	0.00172804	0.149306	2.07	0.21
-2.86917	0.00179446	0.161005	2.07	0.22
-2.85511	0.00173794	0.151022	2.07	0.23
-2.87495	0.00180544	0.162981	2.07	0.24
-2.83649	0.00249567	0.311418	2.07	0.25
-2.84727	0.00179748	0.161547	2.07	0.26
-2.84533	0.00181089	0.163967	2.07	0.27
-2.86954	0.00171554	0.147154	2.07	0.28
-2.85206	0.0017468	0.152566	2.07	0.29
-2.84624	0.00184303	0.169838	2.07	0.3
-2.84371	0.00183811	0.168932	2.07	0.31
-2.85925	0.00187089	0.175012	2.07	0.32
-2.84272	0.00176053	0.154973	2.07	0.33
-2.84949	0.0018552	0.172088	2.07	0.34
-2.85656	0.00189416	0.179392	2.07	0.35
-2.84422	0.00179628	0.161331	2.07	0.36
-2.83958	0.00185593	0.172224	2.07	0.37
-2.80916	0.00184352	0.169928	2.07	0.38
-2.83246	0.00182878	0.167223	2.07	0.39
-2.84762	0.00178534	0.159372	2.07	0.4
-2.85464	0.0018154	0.164784	2.07	0.41
-2.83483	0.00188333	0.177346	2.07	0.42
-2.83774	0.00187452	0.175691	2.07	0.43
-2.8334	0.00192694	0.185655	2.07	0.44
-2.81704	0.00191427	0.183221	2.07	0.45
-2.82435	0.00203845	0.207763	2.07	0.46
-2.82979	0.00184718	0.170603	2.07	0.47
-2.82403	0.00207842	0.215991	2.07	0.48
-2.82705	0.00200679	0.201359	2.07	0.49
-2.81491	0.00202974	0.205993	2.07	0.5
-2.80538	0.00195204	0.190523	2.07	0.51
-2.83077	0.00199167	0.198338	2.07	0.52
-2.80839	0.00202443	0.204917	2.07	0.53
-2.81784	0.00193734	0.187664	2.07	0.54
-2.80734	0.00200027	0.200054	2.07	0.55
-2.80268	0.00199366	0.198733	2.07	0.56
-2.83361	0.00204618	0.209343	2.07	0.57
-2.82032	0.00224892	0.252881	2.07	0.58
-2.81924	0.00207716	0.21573	2.07	0.59
-2.84042	0.00229784	0.264004	2.08	0
-2.85424	0.00229236	0.262746	2.08	0.01
-2.85962	0.00222036	0.246499	2.08	0.02
-2.87065	0.00216683	0.234757	2.08	0.03
-2.85952	0.00208787	0.21796	2.08	0.04
-2.86678	0.00205011	0.210148	2.08	0.05
-2.85735	0.00209123	0.218661	2.08	0.06
-2.86071	0.00200771	0.201545	2.08	0.07
-2.85596	0.00207093	0.214438	2.08	0.08
-2.87283	0.00204104	0.208292	2.08	0.09
-2.8567	0.00195345	0.190799	2.08	0.1
-2.8615	0.00193108	0.186453	2.08	0.11
-2.84866	0.00192293	0.184882	2.08	0.12
-2.85736	0.00192016	0.184351	2.08	0.13
-2.86375	0.00189791	0.180104	2.08	0.14
-2.84162	0.00192382	0.185054	2.08	0.15
-2.85726	0.00185339	0.171754	2.08	0.16
-2.86048	0.00184913	0.170965	2.08	0.17
-2.86173	0.00178958	0.160129	2.08	0.18
-2.85404	0.00209728	0.21993	2.08	0.19
-2.85298	0.00183572	0.168493	2.08	0.2
-2.85977	0.00182125	0.165847	2.08	0.21
-2.85671	0.00184708	0.170586	2.08	0.22
-2.85781	0.00182176	0.16594	2.08	0.23
-2.84991	0.00182824	0.167123	2.08	0.24
-2.86166	0.00182319	0.166201	2.08	0.25
-2.85944	0.00182404	0.166356	2.08	0.26
-2.84851	0.00181514	0.164737	2.08	0.27
-2.84682	0.00181053	0.1639	2.08	0.28
-2.84836	0.00198183	0.196383	2.08	0.29
-2.86219	0.00181013	0.163829	2.08	0.3
-2.85195	0.0018472	0.170607	2.08	0.31
-2.83863	0.00206244	0.212683	2.08	0.32
-2.83105	0.00212904	0.22664	2.08	0.33
-2.82219	0.00196873	0.193794	2.08	0.34
-2.83062	0.00222908	0.248441	2.08	0.35
-2.8142	0.00202009	0.204038	2.08	0.36
-2.83609	0.00190768	0.181962	2.08	0.37
-2.83466	0.00190317	0.181103	2.08	0.38
-2.83449	0.00193013	0.186269	2.08	0.39
-2.79802	0.00208821	0.218031	2.08	0.4
-2.82766	0.00205812	0.211792	2.08	0.41
-2.8305	0.00200498	0.200996	2.08	0.42
-2.82349	0.0019509	0.190301	2.08	0.43
-2.83137	0.00208498	0.217358	2.08	0.44
-2.82972	0.0020425	0.208591	2.08	0.45
-2.8285	0.00201416	0.202843	2.08	0.46
-2.8503	0.00203853	0.207781	2.08	0.47
-2.81749	0.0020153	0.203071	2.08	0.48
-2.83131	0.00199168	0.198339	2.08	0.49
-2.81114	0.00209437	0.21932	2.08	0.5
-2.81491	0.00202222	0.204469	2.08	0.51
-2.8296	0.00207266	0.214796	2.08	0.52
-2.80773	0.00219127	0.240082	2.08	0.53
-2.82754	0.00206934	0.214109	2.08	0.54
-2.79772	0.00210481	0.221512	2.08	0.55
-2.83542	0.00205015	0.210157	2.08	0.56
-2.82451	0.00210048	0.220601	2.08	0.57
-2.82292	0.00209124	0.218665	2.08	0.58
-2.80206	0.00218246	0.238157	2.08	0.59
-2.86634	0.00246766	0.304468	2.09	0
-2.86209	0.00229525	0.263408	2.09	0.01
-2.85953	0.00248414	0.308548	2.09	0.02
-2.86877	0.00218234	0.23813	2.09	0.03
-2.84993	0.00214486	0.230021	2.09	0.04
-2.85868	0.00211303	0.223245	2.09	0.05
-2.8406	0.00232901	0.271213	2.09	0.06
-2.86963	0.00205978	0.212135	2.09	0.07
-2.85957	0.00209171	0.218763	2.09	0.08
-2.86047	0.00208186	0.216707	2.09	0.09
-2.86904	0.0019947	0.198942	2.09	0.1
-2.85446	0.00199421	0.198844	2.09	0.11
-2.85384	0.00201884	0.203786	2.09	0.12
-2.86127	0.00199788	0.199576	2.09	0.13
-2.85584	0.00191728	0.183798	2.09	0.14
-2.87008	0.00205912	0.211999	2.09	0.15
-2.86695	0.00193418	0.187052	2.09	0.16
-2.85013	0.00193944	0.188072	2.09	0.17
-2.84848	0.00189336	0.17924	2.09	0.18
-2.85247	0.00191227	0.182839	2.09	0.19
-2.86189	0.00195041	0.190206	2.09	0.2
-2.84449	0.00193033	0.186309	2.09	0.21
-2.85795	0.00192773	0.185807	2.09	0.22
-2.84716	0.0024586	0.302236	2.09	0.23
-2.83289	0.00195111	0.190341	2.09	0.24
-2.84096	0.00203424	0.206906	2.09	0.25
-2.83608	0.00192675	0.185618	2.09	0.26
-2.85317	0.00188537	0.17773	2.09	0.27
-2.82903	0.00188418	0.177507	2.09	0.28
-2.8389	0.002007	0.201402	2.09	0.29
-2.83918	0.00211609	0.223891	2.09	0.3
-2.82356	0.00201361	0.202732	2.09	0.31
-2.82484	0.00203605	0.207276	2.09	0.32
-2.83142	0.00199761	0.199522	2.09	0.33
-2.83039	0.00198972	0.197949	2.09	0.34
-2.80544	0.00215541	0.23229	2.09	0.35
-2.83458	0.00201007	0.20202	2.09	0.36
-2.81612	0.0020488	0.209879	2.09	0.37
-2.8415	0.00201653	0.20332	2.09	0.38
-2.84311	0.0020206	0.204141	2.09	0.39
-2.83119	0.00204347	0.208788	2.09	0.4
-2.83159	0.00217107	0.235678	2.09	0.41
-2.84505	0.00198475	0.196962	2.09	0.42
-2.83441	0.00206407	0.21302	2.09	0.43
-2.81321	0.00207321	0.214911	2.09	0.44
-2.82351	0.00212122	0.22498	2.09	0.45
-2.81123	0.00209992	0.220483	2.09	0.46
-2.8298	0.00205883	0.211939	2.09	0.47
-2.81015	0.00212672	0.226146	2.09	0.48
-2.82682	0.00209775	0.220029	2.09	0.49
-2.80763	0.00221188	0.24462	2.09	0.5
-2.80664	0.00223307	0.24933	2.09	0.51
-2.83479	0.00216156	0.233616	2.09	0.52
-2.80387	0.00223523	0.249813	2.09	0.53
-2.8179	0.00219207	0.240258	2.09	0.54
-2.79898	0.00216561	0.234493	2.09	0.55
-2.8232	0.00218926	0.239642	2.09	0.56
-2.80759	0.00233555	0.272741	2.09	0.57
-2.81671	0.00222975	0.248588	2.09	0.58
-2.79904	0.00226782	0.257151	2.09	0.59
-2.85533	0.00239759	0.287423	2.1	0
-2.85324	0.00235741	0.277868	2.1	0.01
-2.86437	0.00228468	0.260988	2.1	0.02
-2.84019	0.00234014	0.273814	2.1	0.03
-2.84843	0.00221818	0.246016	2.1	0.04
-2.8375	0.0021392	0.228809	2.1	0.05
-2.86662	0.00217984	0.237586	2.1	0.06
-2.85432	0.00213117	0.227095	2.1	0.07
-2.85605	0.00223037	0.248728	2.1	0.08
-2.86865	0.00213679	0.228294	2.1	0.09
-2.86706	0.00204424	0.208945	2.1	0.1
-2.85202	0.0020246	0.20495	2.1	0.11
-2.85798	0.00207353	0.214977	2.1	0.12
-2.84449	0.00204286	0.208665	2.1	0.13
-2.85104	0.00246413	0.303597	2.1	0.14
-2.84403	0.00201862	0.203741	2.1	0.15
-2.85001	0.00206162	0.212513	2.1	0.16
-2.84089	0.0021242	0.225611	2.1	0.17
-2.86481	0.00195544	0.191188	2.1	0.18
-2.84715	0.00202792	0.205622	2.1	0.19
-2.85062	0.00203632	0.20733	2.1	0.2
-2.84941	0.00201785	0.203587	2.1	0.21
-2.8551	0.00199013	0.198031	2.1	0.22
-2.84412	0.00226213	0.255862	2.1	0.23
-2.84382	0.00200645	0.201291	2.1	0.24
-2.83675	0.00206592	0.213401	2.1	0.25
-2.85503	0.00198217	0.19645	2.1	0.26
-2.84891	0.00207579	0.215446	2.1	0.27
-2.82789	0.0022816	0.260285	2.1	0.28
-2.84193	0.00201668	0.20335	2.1	0.29
-2.84304	0.00197251	0.19454	2.1	0.3
-2.85755	0.00194507	0.189166	2.1	0.31
-2.81998	0.00216238	0.233794	2.1	0.32
-2.83356	0.00198849	0.197705	2.1	0.33
-2.83642	0.002027	0.205437	2.1	0.34
-2.83221	0.00209327	0.219089	2.1	0.35
-2.8192	0.00208676	0.217729	2.1	0.36
-2.82478	0.00213841	0.228641	2.1	0.37
-2.81152	0.00246342	0.303422	2.1	0.38
-2.83422	0.0022106	0.244338	2.1	0.39
-2.83457	0.00206352	0.212905	2.1	0.4
-2.80002	0.00229714	0.263843	2.1	0.41
-2.823	0.0021075	0.222078	2.1	0.42
-2.80751	0.00217636	0.236828	2.1	0.43
-2.80622	0.00216874	0.235171	2.1	0.44
-2.81778	0.00216369	0.234077	2.1	0.45
-2.824	0.00219395	0.240672	2.1	0.46
-2.80961	0.0022435	0.251664	2.1	0.47
-2.80128	0.00236265	0.279107	2.1	0.48
-2.82294	0.00224535	0.25208	2.1	0.49
-2.8144	0.00223653	0.250103	2.1	0.5
-2.82705	0.00223358	0.249444	2.1	0.51
-2.79366	0.00234631	0.275259	2.1	0.52
-2.82762	0.00220189	0.242416	2.1	0.53
-2.80789	0.00229773	0.263978	2.1	0.54
-2.7957	0.00232437	0.270136	2.1	0.55
-2.79929	0.00234065	0.273931	2.1	0.56
-2.80916	0.0023884	0.285224	2.1	0.57
-2.81534	0.00235209	0.276617	2.1	0.58
-2.79968	0.00232722	0.270799	2.1	0.59
