0	5750	-0.149795
0.012	5955	-0.328218
0.024	6166	-0.510123
0.036	6359	-0.69511
0.048	6548	-0.883026
0.06	6721	-1.07355
0.072	6902	-1.26673
0.084	7079	-1.46244
0.096	7233	-1.66031
0.108	7357	-1.85987
0.12	7482	-2.06112
0.132	7575	-2.26361
0.144	7647	-2.46704
0.156	7714	-2.67134
0.168	7765	-2.87631
0.18	7787	-3.08155
0.192	7794	-3.28689
0.204	7782	-3.49207
0.216	7758	-3.69694
0.228	7702	-3.90109
0.24	7640	-4.10443
0.252	7584	-4.30703
0.264	7472	-4.50815
0.276	7365	-4.70782
0.288	7238	-4.90576
0.3	7097	-5.10173
0.312	6932	-5.29534
0.324	6759	-5.48643
0.336	6565	-5.6746
0.348	6375	-5.85984
0.36	6171	-6.04183
0.372	5968	-6.22047
0.384	5750	-6.39539
0.396	5516	-6.56615
0.408	5286	-6.73266
0.42	5063	-6.89486
0.432	4858	-7.05292
0.444	4624	-7.20605
0.456	4403	-7.35427
0.468	4181	-7.49733
0.48	3986	-7.63561
0.492	3788	-7.76879
0.504	3596	-7.89677
0.516	3408	-8.01939
0.528	3203	-8.1358
0.54	3018	-8.24625
0.552	2845	-8.35081
0.564	2661	-8.44868
0.576	2513	-8.54083
0.588	2360	-8.6267
0.6	2207	-8.70586
0.612	2052	-8.77774
0.624	1889	-8.84134
0.636	1752	-8.89742
0.648	1627	-8.94609
0.66	1523	-8.98816
0.672	1416	-9.02295
0.684	1318	-9.05056
0.696	1221	-9.07052
0.708	1146	-9.08415
0.72	1054	-9.08941
0.732	968	-9.08616
0.744	916	-9.07739
0.756	866	-9.063
0.768	806	-9.04143
0.78	741	-9.01146
0.792	697	-8.97536
0.804	651	-8.93243
0.816	596	-8.88068
0.828	554	-8.82162
0.84	523	-8.75681
0.852	485	-8.68445
0.864	446	-8.6037
0.876	423	-8.51766
0.888	396	-8.42503
0.9	370	-8.3256
0.912	339	-8.21743
0.924	319	-8.10317
0.936	303	-7.98377
0.948	285	-7.85824
0.96	268	-7.72657
0.972	255	-7.58992
0.984	240	-7.44721
0.996	231	-7.30067
1.008	222	-7.15016
1.02	210	-6.9941
1.032	192	-6.82907
1.044	182	-6.6587
1.056	180	-6.48722
1.068	171	-6.31061
1.08	164	-6.12982
1.092	156	-5.94403
1.104	147	-5.7523
1.116	145	-5.5592
1.128	141	-5.3633
1.14	136	-5.16379
1.152	134	-4.9628
1.164	130	-4.75877
1.176	128	-4.5532
1.188	126	-4.34605
1.2	123	-4.1365
1.212	123	-3.92694
1.224	123	-3.71738
1.236	121	-3.50619
1.248	119	-3.29332
1.26	118	-3.07962
1.272	117	-2.86506
1.284	118	-2.65135
1.296	116	-2.43593
1.308	117	-2.22138
1.32	118	-2.00767
1.332	121	-1.79647
1.344	122	-1.5861
1.356	125	-1.37815
1.368	126	-1.17101
1.38	126	-0.96386
1.392	130	-0.759838
1.404	135	-0.55959
1.416	137	-0.360812
1.428	139	-0.163484
1.44	142	0.0317085
1.452	149	0.222089
1.464	157	0.40724
1.476	159	0.591125
1.488	165	0.771306
1.5	169	0.949092
1.512	182	1.11947
1.524	188	1.2866
1.536	199	1.44804
1.548	213	1.60269
1.56	221	1.75365
1.572	233	1.89932
1.584	245	2.03997
1.596	253	2.17741
1.608	265	2.31021
1.62	280	2.43751
1.632	295	2.55958
1.644	310	2.6767
1.656	324	2.7894
1.668	345	2.89582
1.68	362	2.99744
1.692	381	3.09393
1.704	409	3.18334
1.716	434	3.26681
1.728	471	3.3421
1.74	508	3.40982
1.752	538	3.47181
1.764	587	3.52509
1.776	641	3.56956
1.788	701	3.60508
1.8	765	3.63187
1.812	835	3.6499
1.824	896	3.66089
1.836	972	3.66373
1.848	1059	3.65799
1.86	1160	3.64315
1.872	1256	3.62036
1.884	1365	3.58924
1.896	1471	3.55065
1.908	1597	3.50384
1.92	1723	3.44943
1.932	1860	3.38737
1.944	1981	3.31901
1.956	2126	3.24359
1.968	2288	3.16082
1.98	2465	3.0706
1.992	2653	2.97303
2.004	2864	2.86781
2.016	3070	2.75564
2.028	3287	2.63664
2.04	3499	2.5114
2.052	3754	2.37911
2.064	3970	2.24124
2.076	4225	2.09713
2.088	4509	1.94653
2.1	4795	1.78977
2.112	5070	1.62744
2.124	5348	1.45976
2.136	5619	1.28715
2.148	5915	1.1094
2.16	6191	0.927089
2.172	6485	0.74014
2.184	6783	0.548698
2.196	7064	0.353197
2.208	7375	0.153387
2.22	7670	-0.0503444
2.232	7925	-0.257347
2.244	8197	-0.467723
2.256	8440	-0.681022
2.268	8651	-0.896789
2.28	8866	-1.11501
2.292	9039	-1.33517
2.304	9210	-1.5572
2.316	9362	-1.78086
2.328	9484	-2.00582
2.34	9596	-2.23196
2.352	9656	-2.45871
2.364	9692	-2.68584
2.376	9708	-2.91314
2.388	9721	-3.14057
2.4	9692	-3.3677
2.412	9624	-3.59412
2.424	9552	-3.8198
2.436	9456	-4.04446
2.448	9338	-4.26787
2.46	9198	-4.48977
2.472	9045	-4.70999
2.484	8839	-4.92791
2.496	8647	-5.14363
2.508	8403	-5.35649
2.52	8160	-5.56642
2.532	7902	-5.77313
2.544	7627	-5.9763
2.556	7320	-6.17536
2.568	7038	-6.37049
2.58	6755	-6.56152
2.592	6458	-6.74805
2.604	6175	-6.9301
2.616	5904	-7.10766
2.628	5604	-7.28001
2.64	5296	-7.44671
2.652	5017	-7.60799
2.664	4745	-7.7637
2.676	4471	-7.91346
2.688	4247	-8.05808
2.7	3997	-8.19664
2.712	3739	-8.32852
2.724	3481	-8.45325
2.736	3265	-8.57158
2.748	3047	-8.68299
2.76	2835	-8.7872
2.772	2657	-8.88492
2.784	2485	-8.97594
2.796	2317	-9.05997
2.808	2154	-9.1367
2.82	1984	-9.20521
2.832	1841	-9.26625
2.844	1698	-9.31919
2.856	1560	-9.36366
2.868	1443	-9.40033
2.88	1340	-9.4296
2.892	1234	-9.45062
2.904	1153	-9.46486
2.916	1076	-9.47219
2.928	1007	-9.47288
2.94	933	-9.46595
2.952	869	-9.45191
2.964	804	-9.43009
2.976	754	-9.40186
2.988	691	-9.36489
3	637	-9.3198
3.012	594	-9.26771
3.024	552	-9.20829
3.036	513	-9.14154
3.048	478	-9.06773
3.06	447	-8.98721
3.072	412	-8.89853
3.084	384	-8.80282
3.096	362	-8.70121
3.108	342	-8.59392
3.12	320	-8.47997
3.132	295	-8.35789
3.144	274	-8.22843
3.156	259	-8.09334
3.168	244	-7.95228
3.18	232	-7.80618
3.192	218	-7.65385
3.204	207	-7.49635
3.216	193	-7.33184
3.228	180	-7.16036
3.24	172	-6.98434
3.252	163	-6.80294
3.264	155	-6.6165
3.276	152	-6.42812
3.288	146	-6.2357
3.3	144	-6.04191
3.312	137	-5.84313
3.324	131	-5.63987
3.336	127	-5.43352
3.348	123	-5.22396
3.36	119	-5.0111
3.372	115	-4.79481
3.384	112	-4.57589
3.396	107	-4.3524
3.408	106	-4.12796
3.42	104	-3.90163
3.432	101	-3.67236
3.444	101	-3.4431
3.456	102	-3.21482
3.468	101	-2.98556
3.48	98	-2.75328
3.492	99	-2.52202
3.504	101	-2.29275
3.516	102	-2.06447
3.528	104	-1.83814
3.54	105	-1.61276
3.552	106	-1.38833
3.564	109	-1.16669
3.576	112	-0.94776
3.588	115	-0.731478
3.6	119	-0.518615
3.612	121	-0.307418
3.624	125	-0.0994743
3.636	127	0.106883
3.648	129	0.311677
3.66	133	0.513417
3.672	136	0.712927
3.684	140	0.909539
3.696	146	1.10195
3.708	150	1.29167
3.72	157	1.47682
3.732	168	1.6552
3.744	173	1.83064
3.756	183	2.00047
3.768	195	2.16394
3.78	204	2.32291
3.792	219	2.47478
3.804	231	2.62131
3.816	247	2.76115
3.828	258	2.89663
3.84	280	3.02392
3.852	308	3.14169
3.864	329	3.25286
3.876	361	3.35475
3.888	392	3.4484
3.9	424	3.5342
3.912	453	3.61338
3.924	484	3.68595
3.936	519	3.75154
3.948	552	3.81096
3.96	598	3.86237
3.972	650	3.90545
3.984	694	3.94198
3.996	755	3.97008
4.008	799	3.99252
4.02	865	4.00703
4.032	945	4.01268
4.044	1025	4.01021
4.056	1118	3.99906
4.068	1218	3.97934
4.08	1327	3.95105
4.092	1421	3.91591
4.104	1558	3.87157
4.116	1684	3.81945
4.128	1828	3.75913
4.14	1996	3.69002
4.152	2185	3.61185
4.164	2348	3.5265
4.176	2520	3.43407
4.188	2710	3.33438
4.2	2926	3.22701
4.212	3174	3.11151
4.224	3405	2.98899
4.236	3639	2.85982
4.248	3874	2.72439
4.26	4141	2.5823
4.272	4419	2.4337
4.284	4693	2.2791
4.296	4975	2.11866
4.308	5266	1.95253
4.32	5590	1.78043
4.332	5929	1.60244
4.344	6240	1.41935
4.356	6568	1.23113
4.368	6884	1.03821
4.38	7207	0.8407
4.392	7560	0.638413
4.404	7915	0.431537
4.416	8224	0.220832
4.428	8490	0.00694279
4.44	8793	-0.210453
4.452	9050	-0.430729
4.464	9323	-0.653978
4.476	9576	-0.879904
4.488	9782	-1.10796
4.5	9957	-1.33779
4.512	10127	-1.56931
4.524	10250	-1.80203
4.536	10362	-2.03585
4.548	10454	-2.27055
4.56	10538	-2.50605
4.572	10590	-2.74204
4.584	10620	-2.97831
4.596	10613	-3.21452
4.608	10569	-3.45031
4.62	10474	-3.6852
4.632	10352	-3.91892
4.644	10223	-4.15138
4.656	10055	-4.38219
4.668	9860	-4.61104
4.68	9613	-4.83735
4.692	9391	-5.06133
4.704	9142	-5.28261
4.716	8843	-5.50058
4.728	8547	-5.71513
4.74	8272	-5.92642
4.752	7963	-6.1339
4.764	7648	-6.33735
4.776	7332	-6.53657
4.788	6995	-6.73109
4.8	6688	-6.92112
4.812	6340	-7.10581
4.824	5997	-7.28494
4.836	5698	-7.45895
4.848	5376	-7.62714
4.86	5070	-7.78948
4.872	4778	-7.94588
4.884	4496	-8.0962
4.896	4222	-8.24023
4.908	3939	-8.37732
4.92	3663	-8.50715
4.932	3416	-8.63
4.944	3215	-8.74678
4.956	3000	-8.85664
4.968	2771	-8.95856
4.98	2557	-9.05244
4.992	2375	-9.13894
5.004	2201	-9.21784
5.016	2034	-9.28884
5.028	1890	-9.35249
5.04	1750	-9.40845
5.052	1630	-9.45731
5.064	1495	-9.49753
5.076	1375	-9.52937
5.088	1269	-9.55319
5.1	1164	-9.56838
5.112	1070	-9.57515
5.124	991	-9.57424
5.136	903	-9.56404
5.148	829	-9.54529
5.16	766	-9.51863
5.172	702	-9.48325
5.184	644	-9.43924
5.196	596	-9.38749
5.208	557	-9.32897
5.22	505	-9.26065
5.232	454	-9.18168
5.244	426	-9.09635
5.256	401	-9.00497
5.268	369	-8.90528
5.28	345	-8.79886
5.292	304	-8.67978
5.304	283	-8.55355
5.316	266	-8.42113
5.328	251	-8.2829
5.34	236	-8.1385
5.352	223	-7.98845
5.364	199	-7.827
5.376	186	-7.6588
5.388	171	-7.48219
5.4	159	-7.29831
5.412	151	-7.10926
5.424	143	-6.91477
5.436	136	-6.71526
5.448	134	-6.51427
5.46	127	-6.30791
5.472	117	-6.09335
5.484	112	-5.87442
5.496	108	-5.65186
5.508	102	-5.42358
5.52	101	-5.19432
5.532	97	-4.96102
5.544	95	-4.72563
5.556	91	-4.48594
5.568	89	-4.24403
5.58	89	-4.00211
5.592	90	-3.76132
5.604	89	-3.51941
5.616	88	-3.27637
5.628	87	-3.03218
5.64	87	-2.788
5.652	87	-2.54381
5.664	86	-2.29847
5.676	83	-2.04958
5.688	81	-1.79825
5.7	83	-1.54936
5.712	83	-1.30047
5.724	83	-1.05158
5.736	85	-0.805065
5.748	87	-0.56088
5.76	88	-0.317838
5.772	89	-0.0759263
5.784	92	0.16267
5.796	93	0.400186
5.808	96	0.634527
5.82	98	0.866805
5.832	102	1.09508
5.844	106	1.31952
5.856	110	1.54024
5.868	112	1.75917
5.88	117	1.97373
5.892	125	2.18167
5.904	132	2.38417
5.916	144	2.57796
5.928	150	2.76767
5.94	156	2.95346
5.952	167	3.13244
5.964	175	3.30674
5.976	195	3.47021
5.988	211	3.6258
6	222	3.77631
6.012	237	3.92028
6.024	253	4.05771
6.036	272	4.18791
6.048	302	4.30764
6.06	320	4.42159
6.072	347	4.52743
6.084	369	4.62712
6.096	402	4.71826
6.108	428	4.80312
6.12	479	4.87672
6.132	527	4.94078
6.144	579	4.99542
6.156	635	5.04084
6.168	693	5.07751
6.18	743	5.10722
6.192	813	5.12792
6.204	899	5.13857
6.216	982	5.14038
6.228	1079	5.13278
6.24	1186	5.11572
6.252	1296	5.08979
6.264	1425	5.05437
6.276	1553	5.01036
6.288	1691	4.95782
6.3	1864	4.89555
6.312	2043	4.82411
6.324	2249	4.74306
6.336	2463	4.65292
6.348	2685	4.55415
6.36	2923	4.44689
6.372	3166	4.33165
6.384	3430	4.20839
6.396	3693	4.07775
6.408	4014	3.93877
6.42	4354	3.79166
6.432	4718	3.63652
6.444	5083	3.47393
6.456	5456	3.30426
6.468	5856	3.12751
6.48	6271	2.94392
6.492	6718	2.75344
6.504	7212	2.55586
6.516	7712	2.35159
6.528	8198	2.1412
6.54	8687	1.92501
6.552	9160	1.70353
6.564	9669	1.47664
6.576	10180	1.2446
6.588	10673	1.00782
6.6	11156	0.766626
6.612	11621	0.521344
6.624	12044	0.272488
6.636	12490	0.0199949
6.648	12872	-0.235511
6.66	13247	-0.493888
6.672	13615	-0.755005
6.684	13984	-1.0188
6.696	14254	-1.2845
6.708	14487	-1.55183
6.72	14689	-1.82054
6.732	14851	-2.09034
6.744	14961	-2.36089
6.756	15020	-2.63182
6.768	15029	-2.90282
6.78	15013	-3.17371
6.792	14912	-3.44393
6.804	14788	-3.71331
6.816	14640	-3.98169
6.828	14411	-4.24849
6.84	14155	-4.51349
6.852	13832	-4.77619
6.864	13518	-5.0366
6.876	13136	-5.29413
6.888	12757	-5.54874
6.9	12360	-5.80019
6.912	11888	-6.04774
6.924	11423	-6.2913
6.936	10982	-6.53093
6.948	10482	-6.76589
6.96	9959	-6.99574
6.972	9459	-7.22044
6.984	8945	-7.43955
6.996	8441	-7.65286
7.008	7939	-7.86004
7.02	7483	-8.0613
7.032	7009	-8.25602
7.044	6581	-8.44444
7.056	6148	-8.62605
7.068	5716	-8.80038
7.08	5317	-8.96747
7.092	4902	-9.12643
7.104	4521	-9.27731
7.116	4166	-9.42
7.128	3850	-9.55481
7.14	3530	-9.68094
7.152	3252	-9.79887
7.164	2981	-9.90809
7.176	2724	-10.0083
7.188	2494	-10.0997
7.2	2319	-10.1838
7.212	2124	-10.2591
7.224	1933	-10.325
7.236	1776	-10.3825
7.248	1630	-10.4313
7.26	1493	-10.4714
7.272	1376	-10.5033
7.284	1266	-10.5269
7.296	1150	-10.5409
7.308	1045	-10.5453
7.32	950	-10.5402
7.332	871	-10.5264
7.344	796	-10.5035
7.356	730	-10.4721
7.368	667	-10.4316
7.38	600	-10.3805
7.392	557	-10.322
7.404	510	-10.2546
7.416	461	-10.1772
7.428	417	-10.0897
7.44	389	-9.99532
7.452	363	-9.89398
7.464	336	-9.78492
7.476	307	-9.66683
7.488	289	-9.54269
7.5	269	-9.41139
7.512	245	-9.27074
7.524	222	-9.12023
7.536	206	-8.96224
7.548	197	-8.79979
7.56	189	-8.63319
7.572	176	-8.45946
7.584	168	-8.28108
7.596	157	-8.09593
7.608	144	-7.90214
7.62	130	-7.69811
7.632	123	-7.48856
7.644	117	-7.274
7.656	115	-7.05772
7.668	110	-6.83699
7.68	106	-6.61256
7.692	96	-6.37822
7.704	89	-6.1363
7.716	90	-5.89551
7.728	86	-5.65017
7.74	81	-5.39884
7.752	77	-5.14244
7.764	76	-4.88474
7.776	74	-4.62437
7.788	72	-4.36126
7.8	72	-4.09815
7.812	71	-3.83365
7.824	70	-3.56772
7.836	69	-3.30036
7.848	69	-3.03299
7.86	69	-2.76563
7.872	69	-2.49826
7.884	70	-2.23234
7.896	71	-1.96783
7.908	71	-1.70332
7.92	72	-1.44021
7.932	73	-1.17848
7.944	76	-0.920779
7.956	78	-0.665675
7.968	80	-0.413102
7.98	82	-0.162998
7.992	85	0.083512
8.004	89	0.325424
8.016	92	0.564021
8.028	99	0.795284
8.04	108	1.01785
8.052	111	1.23767
8.064	114	1.45482
8.076	118	1.66853
8.088	123	1.87809
8.1	130	2.08211
8.112	137	2.28089
8.124	145	2.47399
8.136	149	2.66437
8.148	161	2.84701
8.16	174	3.02188
8.172	187	3.18954
8.184	210	3.34561
8.196	231	3.49214
8.208	244	3.6332
8.22	259	3.76829
8.232	289	3.89242
8.244	317	4.00731
8.256	358	4.11003
8.268	396	4.20267
8.28	437	4.28545
8.292	484	4.35801
8.304	525	4.42245
8.316	572	4.47831
8.328	631	4.52436
8.34	693	4.56103
8.352	768	4.58743
8.364	839	4.60498
8.376	917	4.61365
8.388	1009	4.61275
8.4	1119	4.60151
8.412	1223	4.58138
8.424	1353	4.55114
8.436	1489	4.51133
8.448	1635	4.46217
8.46	1806	4.40306
8.472	1986	4.33444
8.484	2154	4.25771
8.496	2377	4.17113
8.508	2617	4.07493
8.52	2864	3.9697
8.532	3108	3.85631
8.544	3389	3.73425
8.556	3682	3.60391
8.568	3988	3.46558
8.58	4322	3.31921
8.592	4682	3.16483
8.604	5065	3.0026
8.616	5462	2.83282
8.628	5855	2.65609
8.64	6287	2.47224
8.652	6750	2.28128
8.664	7210	2.08374
8.676	7734	1.87917
8.688	8226	1.66844
8.7	8731	1.45176
8.712	9264	1.22914
8.724	9780	1.00111
8.736	10304	0.767855
8.748	10804	0.529864
8.76	11314	0.28726
8.772	11819	0.0402887
8.784	12274	-0.21046
8.796	12703	-0.464643
8.808	13138	-0.722194
8.82	13537	-0.982737
8.832	13939	-1.24621
8.844	14293	-1.51218
8.856	14617	-1.7804
8.868	14900	-2.05054
8.88	15135	-2.32224
8.892	15296	-2.595
8.904	15395	-2.8684
8.916	15455	-3.1422
8.928	15468	-3.41607
8.94	15445	-3.6898
8.952	15339	-3.96284
8.964	15210	-4.23504
8.976	15038	-4.50609
8.988	14770	-4.77535
9	14505	-5.0428
9.012	14239	-5.3084
9.024	13895	-5.57155
9.036	13509	-5.83189
9.048	13116	-6.08927
9.06	12667	-6.34317
9.072	12225	-6.59352
9.084	11675	-6.83927
9.096	11183	-7.08071
9.108	10688	-7.31762
9.12	10187	-7.54973
9.132	9679	-7.77673
9.144	9116	-7.99773
9.156	8608	-8.213
9.168	8108	-8.42228
9.18	7572	-8.62473
9.192	7025	-8.81968
9.204	6543	-9.00752
9.216	6049	-9.18751
9.228	5604	-9.35985
9.24	5208	-9.52487
9.252	4843	-9.68263
9.264	4468	-9.83232
9.276	4114	-9.97376
9.288	3795	-10.1071
9.3	3474	-10.2317
9.312	3211	-10.3483
9.324	2908	-10.4551
9.336	2648	-10.5524
9.348	2423	-10.6409
9.36	2230	-10.7211
9.372	2034	-10.7921
9.384	1879	-10.8552
9.396	1710	-10.9089
9.408	1570	-10.954
9.42	1431	-10.9898
9.432	1288	-11.0151
9.444	1154	-11.0294
9.456	1056	-11.0349
9.468	957	-11.0305
9.48	875	-11.0171
9.492	784	-10.9928
9.504	697	-10.9567
9.516	628	-10.9102
9.528	572	-10.8543
9.54	511	-10.7872
9.552	464	-10.7104
9.564	426	-10.6251
9.576	387	-10.5301
9.588	355	-10.4266
9.6	331	-10.316
9.612	304	-10.1969
9.624	282	-10.0704
9.636	262	-9.93642
9.648	249	-9.79739
9.66	221	-9.64643
9.672	203	-9.48697
9.684	187	-9.31931
9.696	168	-9.14093
9.708	159	-8.95704
9.72	146	-8.76463
9.732	132	-8.56213
9.744	118	-8.34843
9.756	113	-8.13039
9.768	108	-7.90783
9.78	98	-7.67555
9.792	95	-7.44016
9.804	84	-7.19247
9.816	81	-6.94114
9.828	74	-6.68077
9.84	74	-6.4204
9.852	73	-6.15867
9.864	71	-5.89416
9.876	69	-5.62679
9.888	62	-5.34873
9.9	63	-5.07227
9.912	63	-4.79581
9.924	61	-4.51612
9.936	61	-4.23643
9.948	60	-3.95509
9.96	58	-3.67036
9.972	58	-3.38563
9.984	58	-3.1009
9.996	58	-2.81617
10.008	58	-2.53144
10.02	58	-2.2467
10.032	61	-1.96702
10.044	61	-1.68733
10.056	63	-1.41087
10.068	63	-1.1344
10.08	63	-0.857942
10.092	63	-0.58148
10.104	66	-0.30967
10.116	69	-0.0423046
10.128	71	0.222203
10.14	73	0.483932
10.152	78	0.739037
10.164	83	0.987929
10.176	86	1.23327
10.188	93	1.47078
10.2	99	1.70205
10.212	105	1.92743
10.224	113	2.14546
10.236	125	2.35341
10.248	134	2.5544
10.26	140	2.75101
10.272	150	2.94072
10.284	162	3.12274
10.296	171	3.29935
10.308	185	3.46809
10.32	202	3.62804
10.332	223	3.7781
10.344	239	3.92123
10.356	258	4.0567
10.368	288	4.18118
10.38	311	4.29798
10.392	349	4.40325
10.404	382	4.49948
10.416	416	4.58719
10.428	458	4.66528
10.44	504	4.7338
10.452	552	4.79322
10.464	620	4.84102
10.476	684	4.879
10.488	747	4.90817
10.5	826	4.92728
10.512	906	4.93716
10.524	999	4.93726
10.536	1084	4.92919
10.548	1191	4.91171
10.56	1325	4.88357
10.572	1439	4.84718
10.584	1579	4.8015
10.596	1744	4.74588
10.608	1925	4.68039
10.62	2100	4.60619
10.632	2274	4.52404
10.644	2490	4.43281
10.656	2736	4.33216
10.668	2989	4.22267
10.68	3266	4.10431
10.692	3557	3.97742
10.704	3860	3.84235
10.716	4164	3.6997
10.728	4530	3.54863
10.74	4914	3.38942
10.752	5277	3.22309
10.764	5665	3.04966
10.776	6061	2.86947
10.788	6471	2.68273
10.8	6884	2.48981
10.812	7292	2.29114
10.824	7707	2.08692
10.836	8147	1.87716
10.848	8638	1.66154
10.86	9075	1.44099
10.872	9566	1.21517
10.884	10037	0.98454
10.896	10486	0.749536
10.908	10940	0.510294
10.92	11375	0.267152
10.932	11849	0.0199277
10.944	12266	-0.230755
10.956	12629	-0.484355
10.968	12993	-0.740796
10.98	13316	-0.999693
10.992	13614	-1.2608
11.004	13877	-1.52383
11.016	14106	-1.78849
11.028	14258	-2.05422
11.04	14375	-2.32077
11.052	14459	-2.5879
11.064	14494	-2.85527
11.076	14501	-3.12269
11.088	14442	-3.38971
11.1	14326	-3.65592
11.112	14182	-3.92111
11.124	14020	-4.18516
11.136	13805	-4.44766
11.148	13544	-4.70826
11.16	13252	-4.96667
11.172	12905	-5.22244
11.184	12522	-5.47518
11.196	12132	-5.72477
11.208	11712	-5.97083
11.22	11284	-6.21317
11.232	10866	-6.45173
11.244	10392	-6.68584
11.256	9889	-6.91498
11.268	9413	-7.13919
11.28	8952	-7.35838
11.292	8513	-7.57253
11.304	8057	-7.78119
11.316	7560	-7.98348
11.328	7122	-8.17979
11.34	6680	-8.36971
11.352	6271	-8.5533
11.364	5869	-8.73027
11.376	5458	-8.89998
11.388	5071	-9.06233
11.4	4694	-9.21696
11.412	4338	-9.3637
11.424	4029	-9.50305
11.436	3753	-9.63531
11.448	3471	-9.75975
11.46	3188	-9.87569
11.472	2940	-9.98353
11.484	2681	-10.0822
11.496	2450	-10.1718
11.508	2259	-10.2533
11.52	2045	-10.3248
11.532	1873	-10.3875
11.544	1718	-10.4417
11.556	1569	-10.4867
11.568	1428	-10.5223
11.58	1296	-10.5483
11.592	1175	-10.5644
11.604	1072	-10.5713
11.616	989	-10.5702
11.628	907	-10.5605
11.64	839	-10.5429
11.652	761	-10.5156
11.664	698	-10.4797
11.676	631	-10.4336
11.688	580	-10.3791
11.7	537	-10.317
11.712	492	-10.246
11.724	448	-10.1657
11.736	414	-10.0775
11.748	383	-9.98158
11.76	345	-9.87515
11.772	314	-9.75932
11.784	293	-9.63656
11.796	275	-9.50746
11.808	249	-9.36843
11.82	228	-9.22059
11.832	211	-9.065
11.844	193	-8.90049
11.856	183	-8.73067
11.868	172	-8.55464
11.88	159	-8.37076
11.892	146	-8.17834
11.904	140	-7.98173
11.916	124	-7.77298
11.928	116	-7.55757
11.94	112	-7.33864
11.952	108	-7.11608
11.964	104	-6.88974
11.976	100	-6.65948
11.988	97	-6.42618
